-220.0928497314453
-219.3892822265625
-217.58570861816406
-219.46070861816406
-219.63214111328125
-219.6892852783203
-219.69642639160156
-219.74642944335938
-219.2642822265625
-220.06785583496094
-219.75714111328125
-219.94285583496094
-219.9071502685547
-215.0785675048828
-211.6750030517578
-219.5357208251953
-207.5928497314453
-219.54286193847656
-219.64285278320312
-219.625
-217.8000030517578
-219.78929138183594
-219.5500030517578
-213.61785888671875
-219.7035675048828
-216.73928833007812
-219.43214416503906
-211.9357147216797
-219.47857666015625
-217.8107147216797
-219.71070861816406
-220.86785888671875
-219.77499389648438
-219.62142944335938
-218.5642852783203
-207.76785278320312
-212.35714721679688
-208.23928833007812
-220.73214721679688
-219.58570861816406
-214.82142639160156
-219.7857208251953
-216.42857360839844
-214.028564453125
-219.48928833007812
-219.54286193847656
-218.24642944335938
-219.153564453125
-220.528564453125
-219.71070861816406
-219.61428833007812
-219.81785583496094
-217.04286193847656
-218.6107177734375
-211.94642639160156
-219.653564453125
-219.6392822265625
-219.7357177734375
-221.9392852783203
-219.596435546875
-216.22500610351562
-219.778564453125
-219.52142333984375
-219.61428833007812
-217.0642852783203
-219.67857360839844
-219.61428833007812
-220.096435546875
-223.43214416503906
-218.91429138183594
-219.96070861816406
-210.1857147216797
-208.80714416503906
-215.19285583496094
-219.68214416503906
-218.7642822265625
-220.01071166992188
-219.21070861816406
-217.61428833007812
-211.9392852783203
-216.2964324951172
-218.12857055664062
-219.971435546875
-219.98928833007812
-211.1714324951172
-220.3000030517578
-219.68214416503906
-219.94642639160156
-219.153564453125
-220.2035675048828
-219.85000610351562
-219.49642944335938
-219.6999969482422
-216.9107208251953
-218.4392852783203
-219.71070861816406
-218.76071166992188
-218.91786193847656
-219.49285888671875
-218.89642333984375
-219.7642822265625
-219.2178497314453
-220.4214324951172
-219.94642639160156
-219.91786193847656
-219.23214721679688
-211.33213806152344
-215.18214416503906
-207.35000610351562
-212.12142944335938
-219.0321502685547
-188.3142852783203
-207.85000610351562
-191.7178497314453
-206.4392852783203
-208.19412231445312
-214.8617706298828
-219.3000030517578
-219.25881958007812
-219.12059020996094
-218.91470336914062
-217.54705810546875
-215.42352294921875
-215.4882354736328
-212.9264678955078
-213.95294189453125
-204.54705810546875
-212.35882568359375
-208.0117645263672
-169.55714416503906
-177.67739868164062
-203.33824157714844
-202.07647705078125
-201.2617645263672
-192.7992706298828
-198.05862426757812
-190.22445678710938
-197.438232421875
-195.55882263183594
-194.81764221191406
-192.5735321044922
-192.2823486328125
-191.75
-190.82398986816406
-190.09912109375
-189.01071166992188
-187.69705200195312
-187.58529663085938
-188.05294799804688
-187.17059326171875
-187.80587768554688
-187.83824157714844
-188.2941131591797
-187.18392944335938
-188.4176483154297
-180.4499969482422
-186.44627380371094
-185.44287109375
-172.5274658203125
-184.9499969482422
-184.2676544189453
-177.44285583496094
-162.59616088867188
-163.40660095214844
-177.1999969482422
-184.55587768554688
-168.22381591796875
-167.12088012695312
-165.8241729736328
-180.34706115722656
-180.1764678955078
-170.26071166992188
-169.66786193847656
-175.4705810546875
-175.0294189453125
-174.53823852539062
-174.45294189453125
-172.55104064941406
-171.09169006347656
-170.00294494628906
-170.7941131591797
-167.14706420898438
-169.32591247558594
-168.0205841064453
-169.5010223388672
-172.99514770507812
-173.2323455810547
-164.08570861816406
-163.29286193847656
-169.59706115722656
-168.2294158935547
-168.8617706298828
-168.8941192626953
-168.17941284179688
-168.0735321044922
-167.8000030517578
-167.92352294921875
-168.7058868408203
-169.10882568359375
-168.9671173095703
-163.3285675048828
-162.39999389648438
-163.98928833007812
-162.96702575683594
-163.57142639160156
-167.78021240234375
-166.0735321044922
-164.42869567871094
-162.91429138183594
-161.0
-162.38461303710938
-162.5
-161.06593322753906
-153.37362670898438
-159.35000610351562
-158.3304901123047
-158.3033905029297
-155.60638427734375
-155.00294494628906
-154.37428283691406
-154.7382354736328
-149.8037872314453
-156.36695861816406
-146.69924926757812
-158.8887939453125
-140.4368133544922
-159.78823852539062
-152.48184204101562
-152.875
-154.98681640625
-154.54818725585938
-162.1787872314453
-162.72264099121094
-163.36814880371094
-162.09764099121094
-163.0156707763672
-162.89706420898438
-164.2823486328125
-165.2949981689453
-164.75
-164.49514770507812
-165.44102478027344
-165.22647094726562
-165.36492919921875
-167.84664916992188
-154.57142639160156
-160.6643524169922
-166.2723388671875
-165.96470642089844
-153.84645080566406
-148.03831481933594
-148.76051330566406
-149.77536010742188
-150.00100708007812
-151.4283905029297
-170.11502075195312
-157.44566345214844
-157.95053100585938
-160.9913787841797
-166.42800903320312
-162.5318603515625
-161.32501220703125
-175.43722534179688
-176.29449462890625
-170.2041015625
-177.31381225585938
-175.8941192626953
-150.5
-176.9033660888672
-177.310791015625
-132.9642791748047
-158.1608428955078
-177.3000946044922
-132.4642791748047
-136.88095092773438
-178.03819274902344
-139.4761962890625
-139.73809814453125
-147.0416717529297
-180.8315887451172
-169.54945373535156
-144.6666717529297
-148.9583282470703
-150.4166717529297
-151.0833282470703
-159.18182373046875
-162.63636779785156
-162.55455017089844
-163.63636779785156
-160.59393310546875
-190.45310974121094
-168.76364135742188
-192.64596557617188
-199.35946655273438
-179.27972412109375
-178.47552490234375
-201.03292846679688
-185.67857360839844
-186.4148406982422
-186.12362670898438
-192.86813354492188
-187.2664794921875
-202.8970184326172
-192.6593475341797
-203.72352600097656
-204.48544311523438
-193.15634155273438
-199.2035675048828
-190.9587860107422
-197.54286193847656
-200.90293884277344
-199.37646484375
-198.75054931640625
-199.4823455810547
-197.6117706298828
-198.85728454589844
-197.17149353027344
-198.0765838623047
-197.81863403320312
-196.37059020996094
-195.68235778808594
-197.03880310058594
-196.22537231445312
-183.46153259277344
-183.85816955566406
-189.5018310546875
-189.221435546875
-182.36264038085938
-181.42857360839844
-187.375
-193.5323486328125
-192.95266723632812
-193.772705078125
-193.3241729736328
-192.6203155517578
-193.9558868408203
-194.19705200195312
-192.9176483154297
-193.92404174804688
-193.4601593017578
-193.84744262695312
-183.21095275878906
-195.2676544189453
-194.4827423095703
-195.4935760498047
-194.74130249023438
-194.6605682373047
-195.3284454345703
-194.7877655029297
-193.44967651367188
-193.8310546875
-193.40293884277344
-194.54705810546875
-194.8880615234375
-195.8480682373047
-190.62429809570312
-194.41246032714844
-168.79666137695312
-151.24444580078125
-166.02664184570312
-169.56643676757812
-180.95603942871094
-175.4258270263672
-178.83340454101562
-181.59339904785156
-181.60440063476562
-179.25009155273438
-181.62637329101562
-177.69044494628906
-186.45191955566406
-192.4794158935547
-191.2203826904297
-191.0343475341797
-189.45925903320312
-174.26007080078125
-191.1035614013672
-190.5282745361328
-167.66162109375
-191.1678924560547
-166.66433715820312
-166.3007049560547
-177.60557556152344
-169.93243408203125
-175.04396057128906
-187.315673828125
-171.01922607421875
-183.4107208251953
-182.36428833007812
-181.49642944335938
-185.68528747558594
-185.2823486328125
-184.96176147460938
-185.37940979003906
-186.12059020996094
-186.3235321044922
-187.061767578125
-186.47352600097656
-187.09706115722656
-188.08529663085938
-189.19705200195312
-189.0500030517578
-188.6558837890625
-188.9264678955078
-190.51470947265625
-191.92941284179688
-192.1147003173828
-194.46176147460938
-193.2011260986328
-194.2941131591797
-194.99118041992188
-196.1932830810547
-197.64999389648438
-196.84117126464844
-197.63246154785156
-188.6703338623047
-198.2676544189453
-202.75294494628906
-203.3852996826172
-204.24705505371094
-206.0117645263672
-206.24705505371094
-206.35293579101562
-201.43214416503906
-205.1764678955078
-204.4794158935547
-203.21176147460938
-200.89706420898438
-200.19117736816406
-197.1352996826172
-195.4058837890625
-194.2705841064453
-192.62940979003906
-188.66470336914062
-186.49705505371094
-185.2058868408203
-185.2617645263672
-183.07058715820312
-182.938232421875
-169.92308044433594
-169.13186645507812
-179.76470947265625
-180.2205810546875
-179.11764526367188
-178.0323486328125
-177.89999389648438
-177.57647705078125
-177.8323516845703
-176.6382293701172
-176.24705505371094
-176.32647705078125
-175.69412231445312
-175.81471252441406
-175.32940673828125
-176.24705505371094
-176.5294189453125
-177.17059326171875
-175.82058715820312
-175.38235473632812
-174.4264678955078
-173.89706420898438
-174.6117706298828
-172.75
-172.65882873535156
-172.08529663085938
-171.40882873535156
-172.18235778808594
-172.4676513671875
-171.7823486328125
-171.15882873535156
-169.35293579101562
-169.55294799804688
-169.1441192626953
-168.4823455810547
-167.3852996826172
-167.74411010742188
-166.1441192626953
-166.311767578125
-163.49705505371094
-164.12940979003906
-163.83824157714844
-163.19705200195312
-163.0823516845703
-163.59117126464844
-161.6503143310547
-162.0679168701172
-161.81471252441406
-157.60000610351562
-160.32940673828125
-155.4107208251953
-159.72352600097656
-161.18528747558594
-159.71176147460938
-160.19412231445312
-160.82948303222656
-160.5117645263672
-160.35293579101562
-155.9535675048828
-162.9882354736328
-162.6382293701172
-162.17059326171875
-160.04705810546875
-160.3647003173828
-159.51470947265625
-159.8441162109375
-159.7294158935547
-160.99411010742188
-161.25294494628906
-160.97647094726562
-161.49705505371094
-164.5735321044922
-165.1999969482422
-166.83529663085938
-166.44117736816406
-165.0205841064453
-164.79705810546875
-165.2058868408203
-165.91175842285156
-167.3852996826172
-168.4676513671875
-168.92352294921875
-169.2676544189453
-168.33529663085938
-167.6764678955078
-167.02647399902344
-165.6117706298828
-166.22352600097656
-166.17941284179688
-168.43235778808594
-167.99118041992188
-168.34706115722656
-171.3000030517578
-172.37059020996094
-170.49118041992188
-168.56785583496094
-169.30714416503906
-176.4558868408203
-168.85714721679688
-174.77352905273438
-170.12982177734375
-175.36764526367188
-174.43235778808594
-175.80882263183594
-176.34706115722656
-179.0176544189453
-174.5294189453125
-176.0117950439453
-175.86666870117188
-180.00665283203125
-180.92269897460938
-183.67352294921875
-180.6441192626953
-178.7323455810547
-178.92059326171875
-177.7205810546875
-180.7176513671875
-181.75588989257812
-185.80587768554688
-181.13214111328125
-178.7382354736328
-179.28529357910156
-182.188232421875
-183.62646484375
-177.97352600097656
-177.8617706298828
-180.27352905273438
-177.8558807373047
-179.25
-176.89706420898438
-175.5941162109375
-159.9264678955078
-175.66175842285156
-175.48529052734375
-174.07940673828125
-175.1999969482422
-168.60882568359375
-166.16470336914062
-154.7088165283203
-150.6999969482422
-141.97647094726562
-121.57058715820312
-106.5999984741211
-125.30882263183594
-109.79705810546875
-145.24639892578125
-161.92857360839844
-163.91758728027344
-138.43528747558594
-157.73208618164062
-179.48928833007812
-181.24285888671875
-174.94505310058594
-174.989013671875
-182.4250030517578
-181.8285675048828
-164.5524444580078
-171.3406524658203
-171.84890747070312
-176.04396057128906
-178.14285278320312
-184.653564453125
-191.3441162109375
-185.76785278320312
-192.5117645263672
-191.8323516845703
-192.76470947265625
-193.87059020996094
-194.49411010742188
-194.00588989257812
-194.93528747558594
-195.89706420898438
-196.94117736816406
-197.50588989257812
-198.55882263183594
-198.20294189453125
-199.12353515625
-195.72857666015625
-201.85000610351562
-202.84117126464844
-203.13235473632812
-203.3558807373047
-204.06471252441406
-207.02352905273438
-205.5323486328125
-205.3617706298828
-205.2382354736328
-204.54705810546875
-203.01470947265625
-201.21176147460938
-200.72647094726562
-188.23077392578125
-198.5735321044922
-194.71470642089844
-192.75881958007812
-190.7382354736328
-189.60000610351562
-188.42059326171875
-186.9176483154297
-186.89999389648438
-186.67941284179688
-185.32058715820312
-185.0941162109375
-185.51470947265625
-180.8392791748047
-187.21470642089844
-186.68528747558594
-187.12353515625
-185.40882873535156
-185.6558837890625
-184.96470642089844
-186.12646484375
-184.42352294921875
-182.82058715820312
-181.3235321044922
-181.14706420898438
-181.19412231445312
-180.7794189453125
-180.81471252441406
-179.31471252441406
-180.31764221191406
-180.79705810546875
-180.98529052734375
-179.83824157714844
-179.3852996826172
-177.87646484375
-179.38235473632812
-178.32647705078125
-178.72647094726562
-181.6117706298828
-182.2205810546875
-181.00881958007812
-179.25588989257812
-175.2142791748047
-175.8107147216797
-168.95603942871094
-179.561767578125
-180.82647705078125
-179.46176147460938
-178.5823516845703
-176.64706420898438
-175.3000030517578
-174.78529357910156
-174.37940979003906
-173.89117431640625
-172.4823455810547
-173.2823486328125
-172.6764678955078
-171.0294189453125
-170.71470642089844
-170.17352294921875
-171.94117736816406
-172.60000610351562
-171.6676483154297
-169.0117645263672
-167.9882354736328
-168.42059326171875
-168.061767578125
-166.72647094726562
-166.49118041992188
-163.69705200195312
-164.84701538085938
-153.62637329101562
-163.57058715820312
-163.5205841064453
-156.55357360839844
-155.47500610351562
-154.97500610351562
-162.23529052734375
-161.85882568359375
-161.12353515625
-161.02647399902344
-161.71176147460938
-163.7794189453125
-163.56764221191406
-163.938232421875
-165.22647094726562
-165.03529357910156
-166.77647399902344
-166.8617706298828
-151.37362670898438
-143.7142791748047
-154.50274658203125
-153.7445068359375
-136.10357666015625
-145.653564453125
-133.0357208251953
-136.68528747558594
-169.2205810546875
-135.7058868408203
-148.15293884277344
-154.5441131591797
-160.7088165283203
-171.9558868408203
-178.2911834716797
-179.73529052734375
-181.06471252441406
-180.96470642089844
-179.0607147216797
-178.8285675048828
-185.5411834716797
-186.64706420898438
-185.82058715820312
-183.63571166992188
-178.53846740722656
-177.14285278320312
-182.67813110351562
-172.14010620117188
-184.903564453125
-189.13235473632812
-183.4392852783203
-190.07058715820312
-183.4535675048828
-183.82142639160156
-184.85000610351562
-189.37059020996094
-189.50881958007812
-189.9176483154297
-190.31471252441406
-190.688232421875
-190.45294189453125
-190.75881958007812
-190.41470336914062
-190.8235321044922
-189.81471252441406
-188.67941284179688
-188.51470947265625
-188.74118041992188
-189.4176483154297
-189.70294189453125
-189.67059326171875
-189.68235778808594
-189.5323486328125
-190.25881958007812
-188.75
-188.3000030517578
-188.65293884277344
-188.7176513671875
-188.51470947265625
-187.6558837890625
-188.07940673828125
-188.17941284179688
-187.2294158935547
-187.62059020996094
-186.67352294921875
-186.35293579101562
-187.92941284179688
-187.62940979003906
-187.7382354736328
-185.74705505371094
-186.79705810546875
-189.58824157714844
-189.9823455810547
-191.17941284179688
-190.9823455810547
-192.50294494628906
-192.47647094726562
-194.1764678955078
-194.12646484375
-195.0441131591797
-196.40882873535156
-197.50881958007812
-197.37059020996094
-196.66175842285156
-197.75881958007812
-199.42059326171875
-199.60293579101562
-200.32058715820312
-202.1352996826172
-203.0205841064453
-202.811767578125
-203.2382354736328
-204.08824157714844
-205.3882293701172
-204.0735321044922
-202.8235321044922
-202.1676483154297
-200.688232421875
-199.53529357910156
-197.8235321044922
-197.55294799804688
-195.40882873535156
-193.87646484375
-192.1999969482422
-190.66175842285156
-189.89706420898438
-188.84117126464844
-188.69117736816406
-189.02352905273438
-188.34706115722656
-188.69705200195312
-188.68528747558594
-187.69705200195312
-188.19412231445312
-189.4499969482422
-187.69117736816406
-187.52647399902344
-187.47647094726562
-191.09706115722656
-189.09706115722656
-192.80587768554688
-190.5941162109375
-189.8558807373047
-187.3852996826172
-189.3235321044922
-188.71470642089844
-187.44705200195312
-185.65882873535156
-184.9558868408203
-182.60882568359375
-180.7941131591797
-179.99118041992188
-178.30882263183594
-178.19117736816406
-176.69412231445312
-176.2088165283203
-175.8647003173828
-175.8941192626953
-174.5411834716797
-174.45294189453125
-174.88235473632812
-174.0941162109375
-174.3235321044922
-174.60882568359375
-176.70294189453125
-177.45895385742188
-178.2323455810547
-177.7058868408203
-179.7675323486328
-177.0928497314453
-183.4882354736328
-177.80587768554688
-180.42941284179688
-183.5117645263672
-181.2676544189453
-180.6352996826172
-177.67059326171875
-177.20294189453125
-177.73529052734375
-176.81764221191406
-175.4882354736328
-173.61764526367188
-172.19412231445312
-172.4823455810547
-173.49705505371094
-173.27352905273438
-173.50294494628906
-173.59706115722656
-172.6352996826172
-173.63235473632812
-171.09706115722656
-170.42059326171875
-169.79705810546875
-171.09117126464844
-171.2294158935547
-169.8323516845703
-171.62059020996094
-170.78823852539062
-170.80587768554688
-170.9176483154297
-170.85882568359375
-167.33824157714844
-166.41470336914062
-165.87353515625
-165.62646484375
-163.14117431640625
-162.2205810546875
-162.74411010742188
-164.38096618652344
-161.97352600097656
-163.03529357910156
-163.188232421875
-162.5823516845703
-163.14706420898438
-160.32058715820312
-160.87940979003906
-159.7617645263672
-158.57647705078125
-156.33529663085938
-156.65882873535156
-156.84117126464844
-155.61764526367188
-155.99118041992188
-155.57058715820312
-156.16175842285156
-158.5441131591797
-159.84117126464844
-160.4676513671875
-162.22352600097656
-163.3941192626953
-162.57647705078125
-164.0411834716797
-164.7058868408203
-166.31471252441406
-167.12940979003906
-168.78823852539062
-168.77647399902344
-170.32940673828125
-170.438232421875
-170.92941284179688
-172.0823516845703
-172.8882293701172
-170.92059326171875
-171.14999389648438
-173.63235473632812
-173.38235473632812
-171.42352294921875
-171.5411834716797
-172.8441162109375
-172.39999389648438
-171.90293884277344
-171.55587768554688
-172.10000610351562
-170.5735321044922
-171.89706420898438
-171.39999389648438
-171.8441162109375
-172.00881958007812
-172.27647399902344
-172.81764221191406
-172.75881958007812
-172.75588989257812
-172.72647094726562
-174.57647705078125
-174.8647003173828
-175.25588989257812
-175.16470336914062
-176.35293579101562
-175.7823486328125
-175.9823455810547
-175.93528747558594
-176.8852996826172
-176.95294189453125
-177.26470947265625
-178.1147003173828
-179.2323455810547
-179.75294494628906
-179.7941131591797
-179.72647094726562
-180.91175842285156
-180.66470336914062
-180.7323455810547
-181.26470947265625
-181.09117126464844
-180.68235778808594
-180.5823516845703
-179.45294189453125
-179.45294189453125
-179.28823852539062
-179.61764526367188
-177.3000030517578
-176.9499969482422
-179.74705505371094
-179.75881958007812
-180.5294189453125
-181.90882873535156
-182.64117431640625
-183.24705505371094
-182.9676513671875
-184.2323455810547
-184.37353515625
-184.5323486328125
-183.43528747558594
-184.54705810546875
-185.0117645263672
-184.72352600097656
-184.00881958007812
-184.19705200195312
-184.2176513671875
-184.2705841064453
-184.62646484375
-185.66470336914062
-185.1999969482422
-184.55587768554688
-185.23529052734375
-185.32058715820312
-185.7794189453125
-186.2323455810547
-187.99411010742188
-188.2911834716797
-189.7823486328125
-190.97647094726562
-191.26470947265625
-191.50881958007812
-192.37646484375
-191.62940979003906
-193.42941284179688
-194.12353515625
-194.52352905273438
-194.62059020996094
-194.96176147460938
-194.8852996826172
-196.82940673828125
-197.6764678955078
-198.9558868408203
-198.89117431640625
-199.28529357910156
-199.35882568359375
-200.7382354736328
-200.65882873535156
-200.57058715820312
-201.50294494628906
-201.7323455810547
-201.17059326171875
-200.17059326171875
-200.2294158935547
-199.4058837890625
-198.14706420898438
-195.6352996826172
-194.4588165283203
-193.3558807373047
-192.5823516845703
-191.12940979003906
-190.54705810546875
-188.50881958007812
-187.5441131591797
-187.3441162109375
-186.73529052734375
-185.35293579101562
-185.78529357910156
-183.4794158935547
-183.14706420898438
-182.0176544189453
-181.87353515625
-181.7176513671875
-182.86764526367188
-181.1058807373047
-181.57058715820312
-181.0205841064453
-180.6058807373047
-180.5294189453125
-180.4558868408203
-179.85000610351562
-180.92059326171875
-182.05587768554688
-180.31471252441406
-181.03823852539062
-180.70294189453125
-180.1558837890625
-179.8235321044922
-178.91470336914062
-179.43235778808594
-178.8647003173828
-178.3235321044922
-178.6676483154297
-178.80882263183594
-178.35882568359375
-178.7705841064453
-178.89117431640625
-177.16175842285156
-177.27647399902344
-178.08529663085938
-177.48529052734375
-177.70294189453125
-177.71176147460938
-177.7205810546875
-177.7176513671875
-176.67059326171875
-175.8558807373047
-176.37940979003906
-177.1117706298828
-174.67352294921875
-175.84117126464844
-176.69705200195312
-175.9588165283203
-177.69117736816406
-177.00881958007812
-177.311767578125
-176.2176513671875
-176.31764221191406
-176.47647094726562
-176.02647399902344
-176.14706420898438
-174.52352905273438
-174.2088165283203
-173.23529052734375
-172.4588165283203
-172.1558837890625
-170.88235473632812
-170.75588989257812
-170.6058807373047
-169.2676544189453
-167.93235778808594
-168.36764526367188
-168.188232421875
-166.2088165283203
-164.95294189453125
-164.64117431640625
-164.7676544189453
-164.7941131591797
-164.5176544189453
-163.44117736816406
-163.51470947265625
-161.71470642089844
-162.5
-162.48529052734375
-161.0117645263672
-159.62646484375
-161.07940673828125
-160.84117126464844
-158.7911834716797
-158.41470336914062
-159.85000610351562
-159.91175842285156
-159.52352905273438
-158.9264678955078
-160.97352600097656
-162.05294799804688
-163.0411834716797
-164.39999389648438
-165.69117736816406
-165.7382354736328
-165.69412231445312
-167.01470947265625
-166.24705505371094
-167.5941162109375
-168.79705810546875
-167.4176483154297
-167.2794189453125
-167.7058868408203
-168.0
-168.67941284179688
-171.10882568359375
-170.52352905273438
-170.55294799804688
-171.68528747558594
-172.68235778808594
-173.00881958007812
-171.4676513671875
-172.2382354736328
-172.6441192626953
-172.51470947265625
-172.2794189453125
-171.99705505371094
-173.6764678955078
-174.0441131591797
-174.12646484375
-173.68528747558594
-174.7382354736328
-174.83824157714844
-173.89999389648438
-175.1117706298828
-176.311767578125
-175.2676544189453
-176.9882354736328
-177.0941162109375
-176.7058868408203
-175.82647705078125
-174.59706115722656
-174.85882568359375
-175.188232421875
-174.5441131591797
-173.94117736816406
-175.94705200195312
-175.94412231445312
-175.81471252441406
-176.2058868408203
-175.688232421875
-175.89117431640625
-175.6352996826172
-177.25881958007812
-177.94705200195312
-178.7676544189453
-177.2941131591797
-177.27647399902344
-176.4558868408203
-178.3000030517578
-176.96176147460938
-177.1441192626953
-176.8441162109375
-176.3558807373047
-176.87646484375
-176.42941284179688
-176.97352600097656
-177.07058715820312
-176.64999389648438
-177.73529052734375
-178.01470947265625
-178.92941284179688
-179.10000610351562
-178.44412231445312
-178.97647094726562
-178.2205810546875
-177.25881958007812
-178.2941131591797
-178.7058868408203
-178.21470642089844
-178.69412231445312
-180.1352996826172
-178.6558837890625
-179.1441192626953
-180.688232421875
-179.78529357910156
-182.06471252441406
-181.7058868408203
-182.47647094726562
-181.9176483154297
-182.43528747558594
-183.57940673828125
-184.67352294921875
-184.49118041992188
-185.3558807373047
-186.57940673828125
-186.98529052734375
-186.74411010742188
-186.60293579101562
-187.36764526367188
-187.8882293701172
-188.42059326171875
-189.4588165283203
-189.7617645263672
-190.35293579101562
-189.78823852539062
-191.37353515625
-191.68235778808594
-191.2617645263672
-191.46470642089844
-192.77647399902344
-193.8617706298828
-194.3323516845703
-193.68528747558594
-194.03529357910156
-193.50881958007812
-195.0941162109375
-194.53529357910156
-195.3441162109375
-195.44412231445312
-195.74705505371094
-195.91470336914062
-197.64999389648438
-197.5411834716797
-196.7705841064453
-198.37940979003906
-197.05587768554688
-197.15882873535156
-198.3647003173828
-198.52352905273438
-198.57647705078125
-199.56471252441406
-198.12059020996094
-198.69705200195312
-199.1441192626953
-198.7088165283203
-198.1558837890625
-199.37940979003906
-198.74705505371094
-199.0117645263672
-200.41470336914062
-199.1441192626953
-200.1117706298828
-200.62940979003906
-200.71470642089844
-200.27352905273438
-200.4882354736328
-201.1764678955078
-200.28823852539062
-199.9794158935547
-199.5735321044922
-197.74118041992188
-195.6382293701172
-194.6558837890625
-193.39706420898438
-192.7941131591797
-192.3647003173828
-192.7676544189453
-192.59117126464844
-191.60000610351562
-191.6764678955078
-192.08824157714844
-192.0205841064453
-191.77647399902344
-192.0176544189453
-190.55294799804688
-189.8882293701172
-189.07940673828125
-188.7058868408203
-188.99705505371094
-188.26470947265625
-187.6441192626953
-186.58529663085938
-185.85293579101562
-186.00881958007812
-185.62353515625
-185.4705810546875
-183.75881958007812
-183.4558868408203
-183.01470947265625
-183.5294189453125
-182.7676544189453
-183.25881958007812
-182.69705200195312
-182.1764678955078
-180.6382293701172
-181.00588989257812
-180.74411010742188
-177.44705200195312
-179.69705200195312
-179.83529663085938
-179.24411010742188
-180.2058868408203
-180.07940673828125
-179.78529357910156
-180.18528747558594
-180.43528747558594
-180.1147003173828
-180.8617706298828
-180.47647094726562
-180.811767578125
-180.58824157714844
-180.0411834716797
-182.35293579101562
-182.64117431640625
-181.17059326171875
-179.9558868408203
-182.75
-181.55294799804688
-180.08824157714844
-180.11764526367188
-181.77352905273438
-180.8000030517578
-180.22647094726562
-180.77647399902344
-181.07058715820312
-180.0941162109375
-179.7205810546875
-179.42059326171875
-179.89117431640625
-180.37353515625
-179.13235473632812
-177.49411010742188
-177.74705505371094
-177.6382293701172
-176.57647705078125
-176.78823852539062
-176.8323516845703
-175.74118041992188
-175.2382354736328
-175.41470336914062
-175.22352600097656
-174.85293579101562
-174.4705810546875
-174.17059326171875
-173.69412231445312
-172.6558837890625
-172.56471252441406
-174.00588989257812
-173.3852996826172
-172.5294189453125
-172.1676483154297
-171.5941162109375
-170.70294189453125
-169.061767578125
-169.15882873535156
-167.75881958007812
-168.10882568359375
-165.77352905273438
-165.41175842285156
-166.39706420898438
-164.93235778808594
-165.50881958007812
-164.84706115722656
-164.65293884277344
-164.07058715820312
-164.48529052734375
-163.7176513671875
-162.60000610351562
-161.27647399902344
-160.7205810546875
-159.7617645263672
-159.59706115722656
-158.3882293701172
-156.90293884277344
-156.49411010742188
-156.82940673828125
-156.6999969482422
-157.3558807373047
-157.9676513671875
-158.1382293701172
-159.90293884277344
-161.85882568359375
-162.2794189453125
-163.3852996826172
-165.01470947265625
-166.63235473632812
-167.26470947265625
-169.41470336914062
-169.15293884277344
-170.54705810546875
-170.6117706298828
-169.64117431640625
-170.1117706298828
-170.69117736816406
-170.0735321044922
-170.1382293701172
-170.93235778808594
-171.3941192626953
-171.96470642089844
-172.7323455810547
-173.32940673828125
-173.6441192626953
-173.2205810546875
-175.37059020996094
-175.10293579101562
-174.9176483154297
-174.58824157714844
-174.811767578125
-174.78823852539062
-175.05294799804688
-175.06471252441406
-175.90882873535156
-175.5323486328125
-175.30882263183594
-176.8882293701172
-177.18235778808594
-176.43528747558594
-177.1676483154297
-176.88235473632812
-178.1999969482422
-177.95294189453125
-178.1999969482422
-177.39999389648438
-177.9176483154297
-177.8000030517578
-178.3441162109375
-177.4176483154297
-178.0
-177.6676483154297
-177.14117431640625
-176.59706115722656
-176.2088165283203
-176.5411834716797
-177.01470947265625
-176.4176483154297
-176.311767578125
-176.1764678955078
-176.4058837890625
-176.32058715820312
-177.188232421875
-177.60293579101562
-177.13235473632812
-177.5500030517578
-177.35293579101562
-178.7294158935547
-178.6382293701172
-178.62646484375
-179.25294494628906
-179.7911834716797
-180.98529052734375
-180.02352905273438
-180.3647003173828
-181.68528747558594
-181.2323455810547
-183.19117736816406
-182.94117736816406
-183.90882873535156
-184.1352996826172
-185.39999389648438
-185.39117431640625
-185.22647094726562
-185.11764526367188
-185.0500030517578
-183.86764526367188
-184.75294494628906
-185.03529357910156
-184.92941284179688
-185.4499969482422
-186.93528747558594
-187.0941162109375
-187.5823516845703
-187.65293884277344
-188.1058807373047
-188.4882354736328
-189.6147003173828
-189.35000610351562
-189.4058837890625
-189.7382354736328
-188.9058837890625
-189.05294799804688
-190.2941131591797
-190.42352294921875
-189.8882293701172
-190.5941162109375
-189.8000030517578
-190.2705841064453
-190.10882568359375
-190.2794189453125
-191.87059020996094
-191.78823852539062
-191.5735321044922
-192.40293884277344
-192.08529663085938
-192.87646484375
-194.55882263183594
-194.0411834716797
-194.08529663085938
-194.69412231445312
-194.72352600097656
-194.86764526367188
-195.2705841064453
-196.3235321044922
-196.6764678955078
-198.0294189453125
-198.31764221191406
-197.688232421875
-197.99705505371094
-198.48529052734375
-199.4823455810547
-199.2323455810547
-199.05882263183594
-199.85882568359375
-199.52647399902344
-198.22352600097656
-198.10882568359375
-197.22352600097656
-197.16175842285156
-197.08824157714844
-197.6382293701172
-198.2617645263672
-198.27647399902344
-198.06764221191406
-198.5323486328125
-199.24118041992188
-199.10000610351562
-199.01470947265625
-199.2676544189453
-201.0
-201.08824157714844
-201.24411010742188
-201.27352905273438
-200.7205810546875
-201.35000610351562
-200.311767578125
-200.23529052734375
-198.64706420898438
-198.55587768554688
-197.89117431640625
-197.5941162109375
-195.50881958007812
-195.0735321044922
-193.12646484375
-192.83529663085938
-192.8617706298828
-192.82940673828125
-193.49705505371094
-193.31764221191406
-194.08824157714844
-193.7205810546875
-193.4499969482422
-192.9058837890625
-193.32940673828125
-193.23529052734375
-194.41470336914062
-194.4588165283203
-194.66175842285156
-194.69705200195312
-195.63235473632812
-196.05882263183594
-195.50881958007812
-196.19117736816406
-196.0117645263672
-195.98529052734375
-195.75881958007812
-196.62353515625
-196.89706420898438
-195.99118041992188
-195.6352996826172
-195.2205810546875
-195.4176483154297
-194.84117126464844
-194.4499969482422
-193.3323516845703
-193.57940673828125
-191.86764526367188
-191.9558868408203
-192.41470336914062
-191.2794189453125
-192.3941192626953
-190.97352600097656
-188.30882263183594
-188.74411010742188
-187.28823852539062
-185.99705505371094
-184.87940979003906
-184.1764678955078
-182.15882873535156
-181.84706115722656
-181.03823852539062
-180.99705505371094
-179.8558807373047
-179.83529663085938
-179.3441162109375
-179.62940979003906
-179.5735321044922
-179.06471252441406
-176.3941192626953
-176.66470336914062
-176.0823516845703
-176.12646484375
-176.23529052734375
-176.52647399902344
-176.33824157714844
-175.84706115722656
-176.33529663085938
-177.3441162109375
-177.35000610351562
-177.92059326171875
-176.62940979003906
-177.49118041992188
-176.99118041992188
-176.8852996826172
-177.0735321044922
-176.67352294921875
-176.0823516845703
-175.8617706298828
-175.3000030517578
-175.42059326171875
-175.24411010742188
-174.80294799804688
-174.19117736816406
-174.6999969482422
-175.05882263183594
-175.25
-174.65882873535156
-174.39706420898438
-173.8852996826172
-173.42941284179688
-173.13235473632812
-173.00294494628906
-172.54705810546875
-172.65882873535156
-173.07058715820312
-172.8617706298828
-172.88235473632812
-173.1764678955078
-172.93528747558594
-174.28823852539062
-172.54705810546875
-172.43528747558594
-172.35882568359375
-172.57940673828125
-170.5411834716797
-170.62940979003906
-171.25881958007812
-172.69412231445312
-170.2705841064453
-169.49118041992188
-167.75
-167.44705200195312
-166.6441192626953
-166.6676483154297
-166.69705200195312
-166.82058715820312
-167.10293579101562
-166.57647705078125
-165.84706115722656
-159.74642944335938
-164.7176513671875
-159.1857147216797
-158.73928833007812
-163.03823852539062
-162.37353515625
-162.48529052734375
-162.5176544189453
-156.61428833007812
-162.81764221191406
-163.00881958007812
-162.31471252441406
-163.24411010742188
-162.51470947265625
-161.90882873535156
-162.26470947265625
-160.85293579101562
-161.1147003173828
-159.69705200195312
-160.5
-158.40882873535156
-158.79705810546875
-159.62353515625
-159.83824157714844
-159.55294799804688
-159.4499969482422
-159.32058715820312
-159.5941162109375
-160.22647094726562
-160.4058837890625
-163.87353515625
-163.64999389648438
-166.153564453125
-167.54705810546875
-168.3000030517578
-169.26470947265625
-171.0176544189453
-170.3617706298828
-172.4823455810547
-171.99705505371094
-171.9264678955078
-172.75294494628906
-173.1764678955078
-173.0294189453125
-173.89999389648438
-174.3441162109375
-175.3617706298828
-175.09117126464844
-175.5823516845703
-175.69412231445312
-174.94117736816406
-175.2617645263672
-176.0441131591797
-175.40293884277344
-175.14999389648438
-174.93235778808594
-175.30882263183594
-174.98529052734375
-175.55587768554688
-175.34706115722656
-175.1117706298828
-176.03529357910156
-175.40293884277344
-176.2058868408203
-175.27647399902344
-176.14178466796875
-171.3428497314453
-166.78021240234375
-174.14366149902344
-173.89706420898438
-175.05587768554688
-176.97352600097656
-176.64117431640625
-176.31471252441406
-178.00588989257812
-178.74411010742188
-175.61764526367188
-179.89999389648438
-178.13235473632812
-178.7911834716797
-180.47352600097656
-181.1117706298828
-180.28529357910156
-181.93235778808594
-181.0941162109375
-184.87646484375
-185.74118041992188
-183.71470642089844
-184.25
-185.18528747558594
-183.87353515625
-184.1147003173828
-182.94705200195312
-184.39999389648438
-184.89706420898438
-184.82647705078125
-186.06471252441406
-185.21470642089844
-185.10000610351562
-185.46470642089844
-184.0941162109375
-184.4676513671875
-183.4558868408203
-183.9558868408203
-183.15293884277344
-184.0
-183.53529357910156
-183.93235778808594
-182.54705810546875
-184.19705200195312
-184.6676483154297
-186.62646484375
-185.8882293701172
-186.63235473632812
-186.1352996826172
-186.25294494628906
-189.8882293701172
-188.20294189453125
-188.61764526367188
-189.89117431640625
-190.50881958007812
-188.42941284179688
-190.8852996826172
-191.80587768554688
-190.9882354736328
-192.74705505371094
-193.02647399902344
-190.39117431640625
-188.47352600097656
-188.46176147460938
-189.06764221191406
-188.06764221191406
-187.17059326171875
-187.3558807373047
-187.8000030517578
-186.62940979003906
-188.1058807373047
-189.7088165283203
-187.44412231445312
-190.55882263183594
-189.3647003173828
-189.96470642089844
-190.73529052734375
-191.18528747558594
-191.07058715820312
-191.1058807373047
-189.57940673828125
-189.77647399902344
-190.9882354736328
-190.92352294921875
-181.41175842285156
-181.46176147460938
-176.73529052734375
-177.1352996826172
-197.5500030517578
-176.90293884277344
-177.3441162109375
-186.90293884277344
-155.68235778808594
-141.57647705078125
-199.89706420898438
-158.40293884277344
-149.15882873535156
-203.00588989257812
-172.31764221191406
-187.7473907470703
-210.21902465820312
-209.46470642089844
-209.63571166992188
-213.8000030517578
-215.35882568359375
-217.9705810546875
-218.0
-219.19412231445312
-219.72352600097656
-219.9499969482422
-219.2205810546875
-215.8852996826172
-214.69412231445312
-216.1117706298828
-213.47647094726562
-212.30294799804688
-209.48529052734375
-211.50294494628906
-203.98529052734375
-205.58824157714844
-204.90293884277344
-201.77647399902344
-199.02647399902344
-197.1058807373047
-196.32058715820312
-198.05294799804688
-192.67352294921875
-191.4588165283203
-188.3852996826172
-184.69705200195312
-183.0205841064453
-183.9882354736328
-184.12940979003906
-183.44117736816406
-183.35000610351562
-181.24705505371094
-177.6117706298828
-177.87059020996094
-176.0
-176.66175842285156
-172.01470947265625
-169.2617645263672
-170.4499969482422
-160.5411834716797
-165.25881958007812
-167.311767578125
-149.8558807373047
-157.5913543701172
-153.3553924560547
-153.3617706298828
-150.03195190429688
-160.51470947265625
-162.48529052734375
-167.2142791748047
-163.16429138183594
-168.38571166992188
-168.81785583496094
-157.278564453125
-162.25357055664062
-163.74285888671875
-147.4678497314453
-146.37142944335938
-170.09890747070312
-172.97802734375
-173.53846740722656
-172.56044006347656
-174.58241271972656
-178.38461303710938
-180.46153259277344
-180.26373291015625
-181.06593322753906
-180.3296661376953
-180.96702575683594
-179.93406677246094
-169.02197265625
-161.84616088867188
-177.3186798095703
-136.4945068359375
-176.05494689941406
-176.8351593017578
-175.23077392578125
-175.35165405273438
-174.73626708984375
-182.38461303710938
-182.65383911132812
-174.61538696289062
-183.10989379882812
-174.41758728027344
-181.0412139892578
-181.78297424316406
-181.4642791748047
-181.3406524658203
-181.25274658203125
-181.58790588378906
-181.78297424316406
-185.615234375
-183.2445068359375
-181.92308044433594
-181.84890747070312
-182.30494689941406
-182.0522003173828
-174.6593475341797
-182.42857360839844
-185.52078247070312
-182.63186645507812
-181.85714721679688
-183.35989379882812
-181.60989379882812
-182.03297424316406
-182.03297424316406
-182.40383911132812
-182.40383911132812
-185.8546142578125
-183.23077392578125
-181.63461303710938
-184.8192138671875
-182.45603942871094
-182.27197265625
-182.76922607421875
-181.72528076171875
-182.45054626464844
-181.92308044433594
-181.80494689941406
-182.64285278320312
-182.4945068359375
-181.6813201904297
-185.2510223388672
-181.34339904785156
-182.29945373535156
-182.42857360839844
-181.81044006347656
-181.81044006347656
-181.88186645507812
-182.51922607421875
-182.30494689941406
-181.90109252929688
-182.5522003173828
-182.27197265625
-181.84890747070312
-174.72528076171875
-182.39559936523438
-182.31593322753906
-182.28021240234375
-182.74176025390625
-185.85464477539062
-183.32142639160156
-185.6122589111328
-184.70094299316406
-184.48870849609375
-182.2774658203125
-182.24725341796875
-181.93406677246094
-173.4945068359375
-182.7664794921875
-186.97348022460938
-181.64559936523438
-185.81346130371094
-182.27197265625
-182.64559936523438
-182.39559936523438
-186.33116149902344
-181.66758728027344
-181.4148406982422
-182.2335205078125
-182.24725341796875
-181.75274658203125
-181.88186645507812
-182.5741729736328
-182.64285278320312
-181.5576934814453
-181.84890747070312
-185.62535095214844
-182.27197265625
-185.0145721435547
-182.64285278320312
-185.27394104003906
-184.64942932128906
-182.45603942871094
-181.62637329101562
-181.9477996826172
-182.02471923828125
-181.92308044433594
-181.72528076171875
-181.84890747070312
-181.35440063476562
-182.42857360839844
-182.14834594726562
-180.9642791748047
-182.2664794921875
-185.1460418701172
-182.47528076171875
-182.39559936523438
-182.6648406982422
-181.75823974609375
-182.1813201904297
-181.70054626464844
-180.90660095214844
-182.260986328125
-181.35440063476562
-181.60165405273438
-181.86264038085938
-181.59616088867188
-182.14834594726562
-181.85714721679688
-182.14834594726562
-182.45603942871094
-182.67857360839844
-181.83790588378906
-182.4945068359375
-182.35714721679688
-182.29396057128906
-182.45603942871094
-174.85714721679688
-181.9477996826172
-182.2445068359375
-182.57142639160156
-183.09616088867188
-182.08241271972656
-182.77471923828125
-182.65109252929688
-182.12362670898438
-182.64285278320312
-181.63461303710938
-182.62911987304688
-182.39559936523438
-181.04396057128906
-182.09890747070312
-182.21978759765625
-181.80494689941406
-181.9368133544922
-182.0576934814453
-185.70098876953125
-182.5522003173828
-181.84890747070312
-183.52197265625
-181.85714721679688
-182.5467071533203
-181.75823974609375
-182.50274658203125
-182.5522003173828
-181.75274658203125
-182.260986328125
-181.93406677246094
-181.88186645507812
-182.41758728027344
-181.53021240234375
-181.64834594726562
-182.4258270263672
-181.9587860107422
-181.93406677246094
