-205.96470642089844
-205.17941284179688
-205.32940673828125
-199.01785278320312
-205.40882873535156
-204.5441131591797
-205.9558868408203
-205.59706115722656
-205.77352905273438
-205.31471252441406
-203.5209197998047
-205.14999389648438
-205.47647094726562
-205.96470642089844
-205.5441131591797
-205.94705200195312
-205.3617706298828
-205.84706115722656
-205.49118041992188
-205.40882873535156
-205.438232421875
-205.6558837890625
-206.24705505371094
-205.49118041992188
-204.59706115722656
-205.9499969482422
-205.5441131591797
-205.83529663085938
-205.5441131591797
-205.83824157714844
-204.87646484375
-198.5892791748047
-204.6117706298828
-205.56471252441406
-205.37059020996094
-205.8323516845703
-205.94117736816406
-205.68528747558594
-205.28529357910156
-199.27142333984375
-205.7294158935547
-205.38235473632812
-205.8852996826172
-205.82647705078125
-205.2058868408203
-205.59706115722656
-205.1352996826172
-205.89706420898438
-205.47352600097656
-205.438232421875
-205.02352905273438
-205.2705841064453
-205.9823455810547
-205.91470336914062
-205.59117126464844
-204.78529357910156
-205.96470642089844
-205.19412231445312
-204.84117126464844
-205.65882873535156
-205.9058837890625
-205.30587768554688
-205.71176147460938
-205.17941284179688
-205.14117431640625
-206.0294189453125
-205.34117126464844
-205.62353515625
-204.80587768554688
-205.30587768554688
-205.7205810546875
-205.67059326171875
-205.17941284179688
-205.84117126464844
-205.47352600097656
-205.74118041992188
-205.4264678955078
-206.74411010742188
-205.16175842285156
-205.32940673828125
-205.32940673828125
-205.67941284179688
-205.6352996826172
-205.7294158935547
-205.25881958007812
-205.561767578125
-199.1571502685547
-206.2294158935547
-205.45492553710938
-205.74118041992188
-205.66175842285156
-205.42352294921875
-205.68528747558594
-205.82058715820312
-205.87940979003906
-206.03823852539062
-206.2176513671875
-205.41470336914062
-205.30882263183594
-205.60882568359375
-205.96176147460938
-206.0735321044922
-205.7294158935547
-205.41470336914062
-205.07647705078125
-205.4499969482422
-204.97352600097656
-205.6147003173828
-198.99285888671875
-205.6558837890625
-205.30587768554688
-205.5823516845703
-205.75588989257812
-206.2617645263672
-205.5117645263672
-199.0607147216797
-205.56764221191406
-205.26470947265625
-205.50294494628906
-205.30587768554688
-205.42059326171875
-205.74411010742188
-205.87646484375
-205.438232421875
-205.47647094726562
-205.80294799804688
-205.39117431640625
-205.29705810546875
-205.46470642089844
-205.21470642089844
-205.19412231445312
-206.19412231445312
-205.4882354736328
-205.4676513671875
-205.32940673828125
-205.4499969482422
-205.57058715820312
-204.66175842285156
-205.78823852539062
-205.95294189453125
-198.9678497314453
-205.24411010742188
-205.47352600097656
-205.07058715820312
-205.41175842285156
-205.561767578125
-203.00881958007812
-205.37059020996094
-205.50881958007812
-205.2823486328125
-198.7481689453125
-205.4058837890625
-204.98529052734375
-204.7617645263672
-204.71470642089844
-205.69117736816406
-204.4882354736328
-205.5941162109375
-205.55294799804688
-205.17941284179688
-205.438232421875
-205.2794189453125
-204.67941284179688
-205.6764678955078
-205.59706115722656
-205.2941131591797
-199.6857147216797
-205.84706115722656
-205.12646484375
-203.7382354736328
-205.36764526367188
-205.56471252441406
-205.37353515625
-205.65882873535156
-205.71176147460938
-205.59706115722656
-205.4499969482422
-205.35882568359375
-205.2941131591797
-198.9071502685547
-205.6558837890625
-205.33529663085938
-204.92059326171875
-205.44117736816406
-205.28529357910156
-205.3323516845703
-206.17941284179688
-205.24411010742188
-205.8852996826172
-204.8323516845703
-205.61764526367188
-204.78529357910156
-205.92941284179688
-205.55587768554688
-205.49118041992188
-205.2705841064453
-203.43235778808594
-204.67059326171875
-205.2941131591797
-205.24705505371094
-205.1382293701172
-205.03529357910156
-205.438232421875
-205.9558868408203
-205.2294158935547
-205.76470947265625
-205.59117126464844
-205.5
-205.22352600097656
-205.47352600097656
-204.81471252441406
-205.4499969482422
-205.62646484375
-204.9588165283203
-205.37059020996094
-205.39999389648438
-205.79705810546875
-205.52647399902344
-205.32940673828125
-204.9705810546875
-205.90293884277344
-205.89117431640625
-199.18214416503906
-206.061767578125
-205.90293884277344
-205.9794158935547
-205.13235473632812
-199.23214721679688
-205.4264678955078
-205.02352905273438
-205.2941131591797
-206.0941162109375
-206.27352905273438
-205.95294189453125
-204.9705810546875
-205.91175842285156
-205.3558807373047
-199.5892791748047
-205.49118041992188
-198.86428833007812
-205.8852996826172
-205.5176544189453
-205.64117431640625
-205.83824157714844
-204.92059326171875
-205.14117431640625
-206.15293884277344
-205.47352600097656
-205.83824157714844
-205.15293884277344
-204.5735321044922
-205.2323455810547
-205.60882568359375
-205.78529357910156
-205.61764526367188
-205.66175842285156
-205.4676513671875
-205.56471252441406
-205.9823455810547
-205.6117706298828
-205.55294799804688
-205.66175842285156
-205.5441131591797
-205.62353515625
-205.21470642089844
-204.8941192626953
-205.86764526367188
-205.5134735107422
-206.0537872314453
-206.55587768554688
-205.52352905273438
-205.73529052734375
-205.8311004638672
-205.6382293701172
-205.61764526367188
-205.5
-205.59706115722656
-205.64706420898438
-205.37646484375
-205.5735321044922
-205.50294494628906
-205.42941284179688
-205.3852996826172
-206.5500030517578
-204.96176147460938
-205.0941162109375
-205.25
-205.2941131591797
-205.49118041992188
-205.45294189453125
-204.6441192626953
-199.38214111328125
-204.9823455810547
-204.811767578125
-205.4823455810547
-205.80882263183594
-205.61764526367188
-205.55587768554688
-204.61428833007812
-203.3617706298828
-202.9642791748047
-202.9176483154297
-201.62353515625
-201.4264678955078
-201.07058715820312
-200.29705810546875
-198.66175842285156
-193.74705505371094
-183.0
-189.649658203125
-194.93528747558594
-192.19606018066406
-191.3609619140625
-190.83433532714844
-190.938232421875
-189.2705841064453
-189.7127227783203
-188.63235473632812
-187.99411010742188
-188.37646484375
-189.7617645263672
-189.27865600585938
-190.01785278320312
-189.02352905273438
-189.97647094726562
-185.7032928466797
-186.2794189453125
-186.2294158935547
-186.71470642089844
-186.3235321044922
-184.68528747558594
-187.07940673828125
-185.98529052734375
-187.0205841064453
-186.25881958007812
-185.95294189453125
-185.1764678955078
-185.52647399902344
-185.83824157714844
-183.75588989257812
-182.6441192626953
-183.01470947265625
-185.0500030517578
-184.75
-184.9794158935547
-183.67059326171875
-183.16470336914062
-183.56568908691406
-183.46859741210938
-184.4705810546875
-181.1537322998047
-180.2904510498047
-185.20687866210938
-185.2265625
-184.4588165283203
-184.36764526367188
-184.6382293701172
-183.82940673828125
-183.62059020996094
-184.16175842285156
-183.71470642089844
-184.0294189453125
-183.16343688964844
-170.06593322753906
-168.8131866455078
-169.36685180664062
-168.21653747558594
-173.79629516601562
-174.62857055664062
-174.39642333984375
-179.6558837890625
-178.1058807373047
-176.82940673828125
-178.5117645263672
-176.5323486328125
-176.50416564941406
-176.05882263183594
-174.84706115722656
-172.7058868408203
-173.0411834716797
-171.8323516845703
-174.4810791015625
-174.91578674316406
-156.3496551513672
-158.0150146484375
-162.0054931640625
-172.4896240234375
-164.989013671875
-176.47052001953125
-175.73077392578125
-178.38575744628906
-177.7032928466797
-178.8000030517578
-177.94705200195312
-179.97647094726562
-181.80587768554688
-181.71470642089844
-181.5464324951172
-181.90882873535156
-181.8941192626953
-184.15293884277344
-183.37646484375
-182.23533630371094
-183.38461303710938
-183.25357055664062
-183.30714416503906
-180.73626708984375
-180.5735321044922
-183.2496337890625
-185.74725341796875
-181.80435180664062
-182.75807189941406
-182.0387420654297
-182.93389892578125
-180.6222381591797
-182.2783203125
-182.32286071777344
-180.39117431640625
-182.87940979003906
-182.04705810546875
-182.53823852539062
-182.86607360839844
-183.0117645263672
-183.51470947265625
-182.64903259277344
-183.2298583984375
-170.23077392578125
-182.18992614746094
-181.26983642578125
-179.5205841064453
-180.096435546875
-179.9823455810547
-178.92059326171875
-178.1147003173828
-178.03529357910156
-178.188232421875
-177.44412231445312
-177.34706115722656
-179.4264678955078
-178.7644805908203
-178.82647705078125
-177.17941284179688
-173.72244262695312
-178.8235321044922
-161.94473266601562
-152.53988647460938
-172.5908966064453
-178.39524841308594
-179.151123046875
-179.76605224609375
-163.13418579101562
-164.16973876953125
-164.0153350830078
-174.58897399902344
-170.3415069580078
-170.93312072753906
-176.18006896972656
-175.87460327148438
-175.9908447265625
-183.18238830566406
-180.00149536132812
-185.80738830566406
-184.11973571777344
-183.6940155029297
-176.0478515625
-183.22230529785156
-157.8712921142578
-165.6123504638672
-175.0638885498047
-163.0359344482422
-161.7571258544922
-175.35165405273438
-185.09910583496094
-148.7083282470703
-183.93032836914062
-181.030517578125
-189.1682891845703
-149.7083282470703
-144.26190185546875
-188.30349731445312
-178.94761657714844
-173.47561645507812
-177.77548217773438
-158.27879333496094
-153.75
-165.39999389648438
-184.25274658203125
-166.80909729003906
-182.14285278320312
-196.8636932373047
-172.37063598632812
-170.61817932128906
-198.30294799804688
-200.14044189453125
-179.21678161621094
-200.8809356689453
-201.76585388183594
-185.4725341796875
-192.15383911132812
-184.54945373535156
-184.79396057128906
-190.57142639160156
-190.7032928466797
-188.86813354492188
-199.0196533203125
-199.9558868408203
-189.0
-198.31053161621094
-192.8607177734375
-199.7323455810547
-197.56764221191406
-190.82142639160156
-196.73435974121094
-196.8668212890625
-197.1382293701172
-196.74705505371094
-197.36764526367188
-196.2911834716797
-196.5323486328125
-197.7058868408203
-197.3941192626953
-195.70155334472656
-195.8882293701172
-198.34494018554688
-183.61538696289062
-197.02163696289062
-195.938232421875
-197.55821228027344
-196.82473754882812
-196.8182830810547
-183.8379669189453
-197.24366760253906
-196.03208923339844
-195.580810546875
-195.9697265625
-196.24118041992188
-188.7035675048828
-194.7088165283203
-188.89999389648438
-194.9176483154297
-195.66175842285156
-188.971435546875
-193.3441162109375
-193.18235778808594
-193.19117736816406
-192.811767578125
-192.60882568359375
-193.65455627441406
-193.28823852539062
-193.54705810546875
-193.71470642089844
-194.1857452392578
-194.82940673828125
-193.811767578125
-194.55294799804688
-195.2676544189453
-196.57733154296875
-196.07240295410156
-196.590576171875
-196.46795654296875
-197.10646057128906
-195.5268096923828
-195.71746826171875
-195.69058227539062
-194.68484497070312
-194.65293884277344
-196.58673095703125
-196.3033447265625
-198.63043212890625
-198.5532684326172
-195.829345703125
-169.1048583984375
-173.1013946533203
-169.52008056640625
-170.8391571044922
-170.43446350097656
-173.89926147460938
-189.2458953857422
-193.3197784423828
-194.68096923828125
-193.9823455810547
-194.01470947265625
-188.10357666015625
-177.13735961914062
-176.25274658203125
-190.6719512939453
-189.6497802734375
-189.667236328125
-184.04586791992188
-188.85800170898438
-187.7373504638672
-186.78797912597656
-187.0664825439453
-157.42755126953125
-185.77691650390625
-186.51739501953125
-163.62237548828125
-163.72027587890625
-185.72201538085938
-169.35714721679688
-171.89010620117188
-170.97802734375
-177.89402770996094
-169.72528076171875
-180.6441192626953
-179.1558837890625
-178.4882354736328
-179.07058715820312
-179.6558837890625
-180.061767578125
-181.17059326171875
-181.18528747558594
-181.10293579101562
-181.2176513671875
-183.14706420898438
-182.1117706298828
-183.19705200195312
-183.2205810546875
-185.3941192626953
-185.49411010742188
-186.89117431640625
-188.51231384277344
-188.07647705078125
-188.32940673828125
-178.56044006347656
-187.23619079589844
-179.97802734375
-189.2095947265625
-182.63735961914062
-182.04396057128906
-194.32127380371094
-195.69412231445312
-196.7205810546875
-191.0892791748047
-198.08824157714844
-198.5294189453125
-198.24705505371094
-198.75294494628906
-199.93235778808594
-197.8235321044922
-198.71176147460938
-198.32058715820312
-197.62353515625
-197.1117706298828
-197.3852996826172
-196.6058807373047
-194.8852996826172
-194.75294494628906
-195.37353515625
-195.0411834716797
-195.33529663085938
-195.0205841064453
-195.061767578125
-194.67352294921875
-195.45294189453125
-195.89999389648438
-195.60882568359375
-195.3558807373047
-194.85293579101562
-194.25881958007812
-194.5176544189453
-195.3235321044922
-195.64999389648438
-195.70294189453125
-195.4499969482422
-195.688232421875
-198.0176544189453
-199.2176513671875
-200.34706115722656
-201.10293579101562
-200.2705841064453
-199.65882873535156
-200.68235778808594
-199.85293579101562
-198.7382354736328
-197.6676483154297
-196.80587768554688
-196.58824157714844
-195.7382354736328
-195.47352600097656
-196.2294158935547
-195.52352905273438
-193.40293884277344
-193.68528747558594
-193.85293579101562
-193.69412231445312
-192.18528747558594
-192.00881958007812
-191.74118041992188
-189.8882293701172
-189.05587768554688
-187.60293579101562
-188.94412231445312
-188.50881958007812
-187.86764526367188
-188.60293579101562
-188.71470642089844
-188.78823852539062
-188.53823852539062
-188.74705505371094
-189.12059020996094
-188.85293579101562
-189.83529663085938
-188.0294189453125
-188.7088165283203
-189.31764221191406
-186.80294799804688
-186.74705505371094
-186.80882263183594
-186.13235473632812
-186.6352996826172
-184.32940673828125
-185.6382293701172
-184.17352294921875
-179.39706420898438
-179.17059326171875
-179.49705505371094
-180.0411834716797
-178.64999389648438
-178.93528747558594
-178.7941131591797
-179.438232421875
-179.4176483154297
-181.37646484375
-180.1117706298828
-179.41175842285156
-177.65293884277344
-177.05587768554688
-178.8558807373047
-178.6764678955078
-177.55294799804688
-177.22352600097656
-176.4176483154297
-177.6147003173828
-176.94705200195312
-176.9588165283203
-176.92059326171875
-176.57940673828125
-178.33529663085938
-176.72647094726562
-177.87059020996094
-177.20294189453125
-178.53823852539062
-179.3558807373047
-178.98529052734375
-176.00588989257812
-176.09706115722656
-177.0323486328125
-179.2323455810547
-178.9499969482422
-177.9058837890625
-176.2178497314453
-178.57058715820312
-178.39117431640625
-177.27647399902344
-177.5323486328125
-180.00881958007812
-175.64999389648438
-178.2294158935547
-176.00881958007812
-178.01470947265625
-179.87353515625
-181.07647705078125
-179.7911834716797
-175.70294189453125
-177.02647399902344
-178.44117736816406
-177.7323455810547
-179.82058715820312
-178.5941162109375
-169.87940979003906
-171.61764526367188
-173.89117431640625
-171.72352600097656
-172.0411834716797
-171.64117431640625
-174.31764221191406
-173.2676544189453
-169.93235778808594
-165.1352996826172
-168.19705200195312
-166.76470947265625
-161.188232421875
-162.8617706298828
-159.58529663085938
-157.938232421875
-155.57940673828125
-154.63235473632812
-140.06471252441406
-134.4794158935547
-123.6558837890625
-71.07142639160156
-88.31428527832031
-73.98823547363281
-88.34513854980469
-87.11470794677734
-132.41763305664062
-125.13843536376953
-153.0467071533203
-153.60165405273438
-161.23077392578125
-161.89010620117188
-161.6813201904297
-170.02142333984375
-168.89285278320312
-175.88235473632812
-170.8249969482422
-164.6813201904297
-165.87911987304688
-172.36428833007812
-162.17857360839844
-163.61538696289062
-166.52491760253906
-171.53297424316406
-181.0176544189453
-182.1382293701172
-183.2205810546875
-183.00881958007812
-183.07647705078125
-183.74118041992188
-183.30587768554688
-183.2676544189453
-184.25
-185.0117645263672
-186.62940979003906
-186.94412231445312
-187.37059020996094
-187.6352996826172
-188.74118041992188
-189.24411010742188
-189.89999389648438
-190.5176544189453
-191.9176483154297
-192.95294189453125
-194.1117706298828
-194.42059326171875
-195.11764526367188
-195.26470947265625
-196.37940979003906
-196.02647399902344
-195.5117645263672
-194.8000030517578
-195.91175842285156
-196.42941284179688
-194.91175842285156
-194.18235778808594
-195.5205841064453
-195.74411010742188
-195.0500030517578
-197.9499969482422
-198.3323516845703
-198.79705810546875
-198.9794158935547
-199.3882293701172
-200.7088165283203
-200.1117706298828
-200.62353515625
-201.7705841064453
-201.5823516845703
-201.0735321044922
-201.35000610351562
-199.91175842285156
-197.8882293701172
-196.311767578125
-195.6352996826172
-193.85293579101562
-191.9676513671875
-190.12940979003906
-189.32058715820312
-189.52352905273438
-189.68235778808594
-190.5441131591797
-189.75881958007812
-189.52352905273438
-189.37940979003906
-188.65293884277344
-189.08824157714844
-188.94117736816406
-190.30882263183594
-192.5205841064453
-192.1147003173828
-192.6441192626953
-193.19117736816406
-193.37646484375
-193.20294189453125
-192.16175842285156
-193.2176513671875
-191.4705810546875
-191.84117126464844
-191.9705810546875
-190.90882873535156
-191.03529357910156
-189.50294494628906
-187.15293884277344
-188.8852996826172
-185.5735321044922
-187.06471252441406
-185.9676513671875
-185.87940979003906
-184.5
-186.188232421875
-180.39285278320312
-183.05882263183594
-184.42059326171875
-182.14706420898438
-182.2941131591797
-181.87059020996094
-176.25357055664062
-181.01119995117188
-180.80882263183594
-179.26470947265625
-181.03823852539062
-179.50588989257812
-180.93235778808594
-179.16470336914062
-177.15293884277344
-177.061767578125
-178.4176483154297
-176.74705505371094
-177.75588989257812
-177.46176147460938
-176.49118041992188
-174.2294158935547
-173.59706115722656
-170.60882568359375
-162.36264038085938
-174.10386657714844
-162.85000610351562
-130.2653045654297
-167.26673889160156
-148.8391571044922
-125.26373291015625
-165.346435546875
-145.08790588378906
-165.53846740722656
-165.58529663085938
-171.98928833007812
-171.99285888671875
-170.51071166992188
-154.39999389648438
-168.17352294921875
-181.7676544189453
-181.37940979003906
-175.7941131591797
-183.83529663085938
-179.58529663085938
-186.2705841064453
-180.49705505371094
-185.49118041992188
-186.10882568359375
-186.4705810546875
-186.6558837890625
-187.32647705078125
-188.22352600097656
-189.6558837890625
-191.0441131591797
-184.6392822265625
-189.8647003173828
-184.30357360839844
-189.68235778808594
-189.87059020996094
-190.4705810546875
-190.16082763671875
-191.3882293701172
-184.56785583496094
-186.08570861816406
-185.1107177734375
-190.78823852539062
-191.22352600097656
-191.4823455810547
-190.25588989257812
-189.9499969482422
-190.8647003173828
-190.55587768554688
-190.6352996826172
-191.7058868408203
-190.14706420898438
-189.78529357910156
-189.07940673828125
-188.62646484375
-188.9794158935547
-189.6117706298828
-191.03823852539062
-190.4058837890625
-189.87059020996094
-190.03529357910156
-189.12940979003906
-188.3441162109375
-188.2617645263672
-188.0205841064453
-187.3000030517578
-187.49411010742188
-186.5941162109375
-187.65882873535156
-186.81764221191406
-187.23529052734375
-186.07940673828125
-186.62059020996094
-186.97647094726562
-187.44705200195312
-187.18528747558594
-186.40293884277344
-187.16175842285156
-186.77352905273438
-187.68528747558594
-189.82940673828125
-188.57940673828125
-188.92059326171875
-190.91175842285156
-191.80587768554688
-192.1352996826172
-193.12353515625
-194.1382293701172
-195.94412231445312
-195.0323486328125
-196.63235473632812
-196.0500030517578
-196.93528747558594
-197.561767578125
-199.37646484375
-199.7823486328125
-200.37646484375
-201.34706115722656
-201.5823516845703
-202.79705810546875
-204.2617645263672
-204.71176147460938
-203.7088165283203
-202.3235321044922
-201.75881958007812
-202.21176147460938
-200.2176513671875
-197.90882873535156
-195.94412231445312
-195.40882873535156
-193.90882873535156
-192.91470336914062
-190.0176544189453
-191.4676513671875
-188.81471252441406
-188.3852996826172
-187.75881958007812
-188.2205810546875
-187.94117736816406
-187.54705810546875
-187.40293884277344
-186.46470642089844
-186.77647399902344
-186.65293884277344
-187.30882263183594
-187.2205810546875
-190.4676513671875
-190.2794189453125
-190.0441131591797
-190.16175842285156
-191.6058807373047
-188.22352600097656
-189.78529357910156
-190.92941284179688
-187.3441162109375
-186.12353515625
-183.87940979003906
-182.2205810546875
-181.39706420898438
-178.79705810546875
-177.5941162109375
-176.89117431640625
-176.90882873535156
-176.0294189453125
-176.33529663085938
-174.31471252441406
-174.27352905273438
-174.6676483154297
-173.72647094726562
-174.5117645263672
-172.7294158935547
-172.91175842285156
-173.78529357910156
-177.1382293701172
-176.5500030517578
-177.90882873535156
-176.34117126464844
-180.3647003173828
-182.94412231445312
-176.10357666015625
-183.54705810546875
-179.7176513671875
-179.57058715820312
-179.90882873535156
-179.55587768554688
-178.87646484375
-177.25
-177.77647399902344
-175.55587768554688
-175.45294189453125
-173.67059326171875
-172.59117126464844
-173.08529663085938
-173.5735321044922
-173.80587768554688
-173.92941284179688
-172.49118041992188
-172.75
-172.54893493652344
-170.61764526367188
-170.49705505371094
-170.14706420898438
-170.17059326171875
-171.49290466308594
-166.85000610351562
-169.811767578125
-170.0323486328125
-170.7911834716797
-171.96176147460938
-169.16470336914062
-169.33529663085938
-167.30587768554688
-165.21470642089844
-165.19412231445312
-164.67941284179688
-162.99705505371094
-162.24411010742188
-165.81764221191406
-162.67059326171875
-161.62646484375
-163.2205810546875
-163.22647094726562
-163.10000610351562
-162.30587768554688
-161.73529052734375
-161.02647399902344
-160.69705200195312
-157.18528747558594
-158.03529357910156
-157.74705505371094
-156.9264678955078
-156.1764678955078
-156.2911834716797
-155.7294158935547
-155.80587768554688
-157.42941284179688
-157.20294189453125
-158.97647094726562
-161.061767578125
-160.69117736816406
-162.75
-162.66470336914062
-164.78823852539062
-166.67352294921875
-169.4499969482422
-169.4558868408203
-171.21470642089844
-171.43235778808594
-171.81764221191406
-171.62940979003906
-173.17941284179688
-171.91470336914062
-173.5823516845703
-173.99411010742188
-172.82647705078125
-172.3235321044922
-173.438232421875
-172.6441192626953
-172.56764221191406
-172.5294189453125
-172.82058715820312
-172.75588989257812
-172.42352294921875
-172.1117706298828
-172.76470947265625
-172.938232421875
-174.05882263183594
-174.34706115722656
-173.80882263183594
-173.40882873535156
-173.89117431640625
-173.57058715820312
-175.1352996826172
-175.31471252441406
-176.0117645263672
-176.99411010742188
-176.5735321044922
-176.00588989257812
-177.81471252441406
-177.90293884277344
-178.0
-178.34706115722656
-179.8882293701172
-180.13235473632812
-181.08824157714844
-180.71176147460938
-182.03823852539062
-181.96470642089844
-181.67941284179688
-182.811767578125
-183.4705810546875
-182.8882293701172
-182.0117645263672
-181.70294189453125
-180.70294189453125
-181.39706420898438
-180.7941131591797
-180.5441131591797
-179.99411010742188
-179.8617706298828
-182.04705810546875
-181.91470336914062
-183.76470947265625
-182.0735321044922
-183.80294799804688
-184.5411834716797
-186.17941284179688
-184.67352294921875
-186.6382293701172
-186.56764221191406
-185.53823852539062
-185.69705200195312
-186.12353515625
-186.60882568359375
-186.2323455810547
-187.09706115722656
-187.0176544189453
-187.14706420898438
-186.94705200195312
-187.78529357910156
-187.3882293701172
-187.2911834716797
-187.9176483154297
-188.3558807373047
-189.04705810546875
-188.78823852539062
-189.6999969482422
-191.49118041992188
-190.8323516845703
-192.8235321044922
-192.6441192626953
-194.10000610351562
-193.6676483154297
-194.49411010742188
-195.06471252441406
-195.2176513671875
-195.87646484375
-197.3558807373047
-197.9823455810547
-198.70294189453125
-199.53823852539062
-201.03529357910156
-201.061767578125
-202.57940673828125
-201.14706420898438
-203.0735321044922
-203.0205841064453
-202.75881958007812
-202.3235321044922
-200.4794158935547
-200.17059326171875
-198.55882263183594
-196.37353515625
-193.47352600097656
-193.6117706298828
-191.5323486328125
-190.4558868408203
-189.061767578125
-188.16470336914062
-186.5735321044922
-186.1676483154297
-185.28529357910156
-185.2823486328125
-185.09706115722656
-184.05587768554688
-183.37646484375
-182.51470947265625
-181.92059326171875
-181.18235778808594
-179.188232421875
-179.64999389648438
-180.4558868408203
-179.37353515625
-179.40293884277344
-178.4176483154297
-177.66175842285156
-178.92059326171875
-178.0500030517578
-177.56471252441406
-176.4264678955078
-175.6058807373047
-177.31764221191406
-177.24118041992188
-177.16470336914062
-177.35000610351562
-176.87353515625
-177.1352996826172
-176.8852996826172
-176.87353515625
-176.55882263183594
-176.49705505371094
-176.05587768554688
-175.91470336914062
-175.96470642089844
-175.41175842285156
-175.438232421875
-173.88235473632812
-175.38235473632812
-174.57940673828125
-174.1441192626953
-173.8647003173828
-173.6058807373047
-172.83529663085938
-173.39117431640625
-173.2676544189453
-173.22352600097656
-174.4558868408203
-174.99411010742188
-173.90882873535156
-173.59117126464844
-172.25881958007812
-172.1147003173828
-173.10293579101562
-173.31471252441406
-173.2794189453125
-173.51470947265625
-173.51470947265625
-173.93235778808594
-173.75
-174.2294158935547
-171.8323516845703
-170.8852996826172
-171.77352905273438
-170.75
-171.6352996826172
-170.79705810546875
-170.18528747558594
-167.9558868408203
-168.54705810546875
-169.438232421875
-167.56471252441406
-166.17059326171875
-165.36764526367188
-165.0176544189453
-164.37059020996094
-164.10000610351562
-162.07058715820312
-162.05294799804688
-161.3941192626953
-160.85000610351562
-160.38235473632812
-159.60293579101562
-160.061767578125
-158.78529357910156
-159.3000030517578
-158.71176147460938
-158.44412231445312
-158.20294189453125
-159.00588989257812
-160.30882263183594
-160.60882568359375
-160.84706115722656
-161.65293884277344
-162.62940979003906
-164.2705841064453
-165.9882354736328
-165.6999969482422
-168.1117706298828
-168.6382293701172
-169.4676513671875
-168.39999389648438
-169.40882873535156
-169.09706115722656
-168.8558807373047
-168.47352600097656
-168.89117431640625
-169.5176544189453
-168.39706420898438
-168.09706115722656
-170.3647003173828
-169.2705841064453
-169.29705810546875
-170.86764526367188
-170.66470336914062
-170.2794189453125
-170.99705505371094
-172.40882873535156
-172.91470336914062
-173.35293579101562
-172.44412231445312
-172.58824157714844
-173.93528747558594
-173.5294189453125
-175.62940979003906
-175.07647705078125
-175.94117736816406
-174.60000610351562
-176.4499969482422
-176.41175842285156
-176.16175842285156
-176.0441131591797
-176.4558868408203
-177.07940673828125
-177.05587768554688
-177.00588989257812
-178.57058715820312
-178.8323516845703
-178.79705810546875
-177.2088165283203
-177.64706420898438
-178.33824157714844
-176.65293884277344
-177.20713806152344
-178.69705200195312
-178.41175842285156
-178.2058868408203
-178.1764678955078
-179.50588989257812
-178.92941284179688
-178.0205841064453
-179.4705810546875
-179.87940979003906
-179.35000610351562
-180.55294799804688
-179.30587768554688
-180.06471252441406
-180.41470336914062
-180.7617645263672
-180.93235778808594
-180.30587768554688
-180.29705810546875
-180.57647705078125
-180.3000030517578
-179.87353515625
-180.43528747558594
-180.10293579101562
-180.69117736816406
-181.40882873535156
-180.65293884277344
-180.89117431640625
-180.55294799804688
-180.4676513671875
-180.75294494628906
-181.9558868408203
-181.82058715820312
-181.8617706298828
-183.02352905273438
-182.46176147460938
-182.57058715820312
-183.04705810546875
-182.7823486328125
-184.13235473632812
-185.75881958007812
-186.7323455810547
-186.5117645263672
-186.2058868408203
-186.77647399902344
-186.69412231445312
-187.66470336914062
-187.9176483154297
-188.57058715820312
-189.62353515625
-190.62059020996094
-190.5941162109375
-191.1764678955078
-192.50294494628906
-192.0205841064453
-192.9588165283203
-193.80587768554688
-194.24705505371094
-194.9499969482422
-195.28823852539062
-194.82940673828125
-197.561767578125
-196.9882354736328
-196.4264678955078
-197.1552276611328
-198.61764526367188
-199.21176147460938
-199.53823852539062
-198.05587768554688
-198.47647094726562
-199.87646484375
-200.94705200195312
-201.3941192626953
-200.90293884277344
-202.2676544189453
-202.8882293701172
-202.99411010742188
-202.02647399902344
-202.0294189453125
-201.2705841064453
-198.97352600097656
-199.07647705078125
-196.08824157714844
-194.7676544189453
-193.43235778808594
-192.35293579101562
-190.8852996826172
-189.94705200195312
-188.72647094726562
-188.6999969482422
-187.00881958007812
-186.60882568359375
-186.0823516845703
-186.39999389648438
-186.03529357910156
-185.4558868408203
-184.99411010742188
-184.98529052734375
-184.1058807373047
-183.84117126464844
-183.96470642089844
-183.12940979003906
-182.32647705078125
-182.311767578125
-182.3647003173828
-182.55882263183594
-181.90882873535156
-182.4823455810547
-182.75588989257812
-183.9882354736328
-182.5735321044922
-182.56471252441406
-182.93528747558594
-184.62353515625
-184.47352600097656
-184.47647094726562
-184.6352996826172
-183.7382354736328
-183.57940673828125
-182.89706420898438
-182.4499969482422
-182.02352905273438
-181.72647094726562
-181.44412231445312
-181.6999969482422
-180.44705200195312
-180.40293884277344
-179.93528747558594
-179.6676483154297
-179.70294189453125
-178.8000030517578
-178.62353515625
-178.28529357910156
-177.12353515625
-177.2705841064453
-177.4588165283203
-176.72352600097656
-175.5500030517578
-175.6999969482422
-175.438232421875
-174.92941284179688
-174.07647705078125
-174.12940979003906
-174.19117736816406
-174.5294189453125
-174.6382293701172
-173.66175842285156
-172.93528747558594
-173.08529663085938
-173.2823486328125
-173.95294189453125
-173.02647399902344
-174.16175842285156
-174.11764526367188
-174.05294799804688
-175.1999969482422
-174.8235321044922
-174.7323455810547
-175.311767578125
-174.1352996826172
-174.7794189453125
-175.59117126464844
-175.55882263183594
-175.0500030517578
-174.4499969482422
-175.4499969482422
-176.51470947265625
-175.37353515625
-175.28529357910156
-177.06764221191406
-175.80294799804688
-177.29705810546875
-176.64999389648438
-175.5823516845703
-175.07058715820312
-175.02647399902344
-174.3852996826172
-175.1058807373047
-174.78823852539062
-173.23529052734375
-173.0735321044922
-172.35882568359375
-172.64117431640625
-172.4588165283203
-172.4794158935547
-172.3852996826172
-172.24118041992188
-172.8617706298828
-171.6117706298828
-170.57940673828125
-170.89999389648438
-171.24411010742188
-171.39117431640625
-170.67941284179688
-170.57647705078125
-171.9176483154297
-171.22647094726562
-171.1117706298828
-170.3235321044922
-171.2823486328125
-169.8617706298828
-168.65882873535156
-168.438232421875
-167.27647399902344
-166.33529663085938
-166.15293884277344
-166.37353515625
-166.5117645263672
-164.71470642089844
-164.71470642089844
-164.3441162109375
-165.0205841064453
-164.85882568359375
-164.7205810546875
-163.31764221191406
-163.03529357910156
-162.68528747558594
-162.56764221191406
-162.5323486328125
-161.55294799804688
-161.1382293701172
-160.40293884277344
-160.20294189453125
-159.1676483154297
-159.17941284179688
-157.9176483154297
-157.2382354736328
-157.0500030517578
-156.69117736816406
-157.0941162109375
-157.6352996826172
-158.22647094726562
-158.811767578125
-158.69117736816406
-160.1676483154297
-161.55294799804688
-163.30587768554688
-163.74705505371094
-166.87059020996094
-167.37353515625
-168.50881958007812
-169.15293884277344
-169.24705505371094
-169.3235321044922
-169.92941284179688
-170.55882263183594
-170.02352905273438
-170.17059326171875
-171.17941284179688
-170.85882568359375
-173.2911834716797
-172.86764526367188
-173.5323486328125
-173.27352905273438
-173.97647094726562
-173.66175842285156
-175.44412231445312
-175.67059326171875
-174.7382354736328
-174.67941284179688
-174.85293579101562
-176.10882568359375
-175.57647705078125
-175.6117706298828
-175.90293884277344
-176.3000030517578
-177.3558807373047
-177.42059326171875
-176.9558868408203
-178.3558807373047
-177.9705810546875
-179.25588989257812
-178.7617645263672
-179.1441192626953
-179.4176483154297
-178.59706115722656
-178.76470947265625
-180.23529052734375
-179.5176544189453
-179.83529663085938
-179.5941162109375
-179.37059020996094
-179.1441192626953
-179.02352905273438
-179.0500030517578
-179.19705200195312
-178.50588989257812
-178.05587768554688
-178.64706420898438
-178.2823486328125
-178.21470642089844
-179.71176147460938
-179.5941162109375
-179.67059326171875
-179.4676513671875
-180.14117431640625
-180.28823852539062
-180.77647399902344
-181.3558807373047
-182.82647705078125
-183.90293884277344
-183.51470947265625
-183.84706115722656
-184.35293579101562
-184.18235778808594
-185.47352600097656
-185.40293884277344
-185.7941131591797
-186.85882568359375
-187.32058715820312
-187.55882263183594
-188.5176544189453
-188.79705810546875
-189.0823516845703
-188.8000030517578
-188.36764526367188
-188.56764221191406
-188.2705841064453
-188.5176544189453
-189.62353515625
-190.188232421875
-191.38235473632812
-191.5
-192.00294494628906
-192.24118041992188
-192.92352294921875
-192.83824157714844
-194.20294189453125
-195.05587768554688
-194.9823455810547
-195.10000610351562
-195.2794189453125
-194.6558837890625
-194.66175842285156
-195.6382293701172
-195.938232421875
-196.34706115722656
-195.57940673828125
-195.49118041992188
-197.0323486328125
-196.83529663085938
-197.74705505371094
-198.2911834716797
-198.1382293701172
-198.82058715820312
-199.1558837890625
-199.3882293701172
-200.51470947265625
-201.33824157714844
-200.87940979003906
-201.4558868408203
-201.3882293701172
-201.99411010742188
-201.7823486328125
-201.63235473632812
-201.60882568359375
-200.07940673828125
-199.5441131591797
-197.89706420898438
-196.4794158935547
-194.7176513671875
-193.78529357910156
-191.4676513671875
-190.44705200195312
-188.2058868408203
-187.44705200195312
-186.5323486328125
-185.2823486328125
-185.22352600097656
-184.57647705078125
-182.53529357910156
-182.58529663085938
-182.18528747558594
-181.9588165283203
-182.01470947265625
-182.0823516845703
-182.19412231445312
-182.1382293701172
-180.7617645263672
-180.4882354736328
-180.25294494628906
-180.30294799804688
-180.06471252441406
-179.9499969482422
-178.8647003173828
-178.78529357910156
-177.69412231445312
-177.64117431640625
-177.64117431640625
-178.31471252441406
-178.3852996826172
-178.7205810546875
-178.40293884277344
-178.4058837890625
-178.39999389648438
-178.50881958007812
-178.31471252441406
-178.2794189453125
-177.63235473632812
-178.21176147460938
-178.4794158935547
-178.4176483154297
-178.42941284179688
-178.50881958007812
-177.7323455810547
-178.23529052734375
-178.438232421875
-178.9676513671875
-178.7176513671875
-179.1999969482422
-179.3323516845703
-179.73529052734375
-179.9794158935547
-179.96176147460938
-179.43235778808594
-180.86764526367188
-180.51470947265625
-180.1117706298828
-180.56764221191406
-179.25588989257812
-179.9823455810547
-178.62059020996094
-178.1147003173828
-176.75881958007812
-178.10882568359375
-178.49705505371094
-179.05294799804688
-176.72647094726562
-175.96176147460938
-177.00881958007812
-175.64706420898438
-176.74411010742188
-176.54705810546875
-175.4676513671875
-175.35293579101562
-172.90882873535156
-172.7323455810547
-171.27352905273438
-170.22647094726562
-168.8323516845703
-167.37059020996094
-164.6441192626953
-164.43528747558594
-163.93528747558594
-163.99411010742188
-162.98529052734375
-162.1676483154297
-161.34706115722656
-161.74411010742188
-162.75881958007812
-161.438232421875
-161.4705810546875
-161.01470947265625
-159.85293579101562
-160.22647094726562
-159.45294189453125
-158.2617645263672
-158.7058868408203
-157.9823455810547
-159.58529663085938
-159.8852996826172
-161.0441131591797
-162.6676483154297
-164.0117645263672
-165.61764526367188
-166.37353515625
-168.00881958007812
-169.24705505371094
-170.5441131591797
-170.06471252441406
-171.03823852539062
-171.1558837890625
-171.9705810546875
-172.89706420898438
-173.58824157714844
-172.86764526367188
-173.0176544189453
-173.39999389648438
-173.74705505371094
-173.82058715820312
-173.42941284179688
-174.5735321044922
-174.2382354736328
-174.1558837890625
-175.42059326171875
-175.25
-175.52647399902344
-176.82058715820312
-176.62353515625
-176.74705505371094
-176.79705810546875
-177.8882293701172
-177.7676544189453
-178.9558868408203
-180.54705810546875
-180.58529663085938
-179.30587768554688
-179.7705841064453
-179.7176513671875
-179.8441162109375
-180.2823486328125
-180.26470947265625
-181.78529357910156
-181.47647094726562
-181.31471252441406
-182.0294189453125
-182.4716033935547
-182.1764678955078
-184.4176483154297
-183.5941162109375
-183.81471252441406
-183.21176147460938
-184.00881958007812
-184.49411010742188
-184.4823455810547
-185.2911834716797
-184.82940673828125
-184.6147003173828
-185.44412231445312
-184.66470336914062
-184.37646484375
-185.2676544189453
-183.9058837890625
-184.25588989257812
-183.07940673828125
-181.9499969482422
-181.6382293701172
-182.2705841064453
-181.65882873535156
-181.17941284179688
-179.87646484375
-179.85293579101562
-179.86764526367188
-179.35882568359375
-181.4882354736328
-180.3852996826172
-179.66175842285156
-180.3647003173828
-180.0357208251953
-180.3235321044922
-180.69285583496094
-180.63214111328125
-181.8882293701172
-183.57647705078125
-183.90293884277344
-182.94705200195312
-185.10882568359375
-185.39999389648438
-184.27352905273438
-184.82058715820312
-185.32940673828125
-185.35000610351562
-186.19705200195312
-186.2794189453125
-187.06764221191406
-187.16175842285156
-188.7205810546875
-188.32940673828125
-188.9058837890625
-188.75588989257812
-189.81764221191406
-190.45294189453125
-190.07058715820312
-189.10000610351562
-189.46470642089844
-189.24118041992188
-188.64706420898438
-190.99411010742188
-190.96470642089844
-190.03823852539062
-189.7088165283203
-190.2911834716797
-192.10000610351562
-190.99411010742188
-192.72015380859375
-190.87646484375
-191.39117431640625
-190.188232421875
-190.7823486328125
-190.4499969482422
-191.4558868408203
-191.09117126464844
-192.2911834716797
-194.41175842285156
-194.30882263183594
-195.5205841064453
-195.99118041992188
-195.0823516845703
-190.5
-204.44117736816406
-196.7823486328125
-197.09117126464844
-198.56471252441406
-201.75588989257812
-202.78823852539062
-201.688232421875
-205.17941284179688
-202.98529052734375
-204.70294189453125
-203.9558868408203
-203.7794189453125
-201.4499969482422
-197.30294799804688
-196.12940979003906
-198.8852996826172
-193.82647705078125
-192.14706420898438
-190.44412231445312
-188.3441162109375
-186.96470642089844
-185.7617645263672
-185.19412231445312
-184.7205810546875
-183.8323516845703
-183.58529663085938
-181.94705200195312
-182.75588989257812
-180.7823486328125
-182.69117736816406
-182.75588989257812
-182.64117431640625
-182.85293579101562
-183.2058868408203
-183.12940979003906
-182.92059326171875
-181.688232421875
-182.50881958007812
-181.21470642089844
-182.7705841064453
-181.35293579101562
-180.85882568359375
-181.49118041992188
-181.46470642089844
-180.75
-181.9705810546875
-181.71176147460938
-180.12059020996094
-179.61764526367188
-178.9823455810547
-179.438232421875
-178.11764526367188
-177.71470642089844
-176.52647399902344
-175.64706420898438
-173.6999969482422
-174.0735321044922
-173.0205841064453
-173.49118041992188
-174.42059326171875
-173.2088165283203
-173.85000610351562
-174.85293579101562
-173.55294799804688
-173.44412231445312
-172.22352600097656
-172.10882568359375
-167.05587768554688
-168.4588165283203
-169.311767578125
-167.8323516845703
-159.7676544189453
-169.44117736816406
-163.07940673828125
-170.43528747558594
-171.62059020996094
-172.87059020996094
-161.18528747558594
-154.1764678955078
-171.62646484375
-166.4794158935547
-171.93235778808594
-174.07647705078125
-174.30882263183594
-176.12646484375
-170.35165405273438
-168.03297424316406
-173.9499969482422
-181.18528747558594
-181.5500030517578
-179.42059326171875
-182.9176483154297
-184.00294494628906
-183.41175842285156
-186.1764678955078
-187.0
-186.84117126464844
-189.1117706298828
-189.2294158935547
-186.37646484375
-184.08824157714844
-186.4882354736328
-184.62646484375
-184.84117126464844
-186.2088165283203
-187.1999969482422
-187.7705841064453
-187.1676483154297
-182.89999389648438
-187.17352294921875
-185.14706420898438
-185.17352294921875
-184.0
-185.37940979003906
-186.82647705078125
-186.19412231445312
-185.72352600097656
-182.47352600097656
-182.8558807373047
-182.8941192626953
-182.45294189453125
-181.06764221191406
-181.78823852539062
-181.02352905273438
-182.39999389648438
-182.62059020996094
-182.88235473632812
-183.35293579101562
-182.5941162109375
-181.83824157714844
-182.29705810546875
-181.43528747558594
-179.97647094726562
-182.12646484375
-180.7794189453125
-181.76470947265625
-182.2323455810547
-181.1764678955078
-182.2323455810547
-182.12353515625
-181.80294799804688
-184.10293579101562
-182.0294189453125
-182.0500030517578
-182.89999389648438
-181.39117431640625
-182.15293884277344
-181.6676483154297
-183.13235473632812
-181.40882873535156
-182.15882873535156
-180.6441192626953
-182.7323455810547
-182.5294189453125
-180.17941284179688
-182.7323455810547
-178.14117431640625
-183.75881958007812
-182.16175842285156
-182.6147003173828
-182.02647399902344
-181.64999389648438
-182.76470947265625
-184.12940979003906
-182.62646484375
-181.21470642089844
-181.0411834716797
-181.6382293701172
-182.2911834716797
-183.80294799804688
-181.8323516845703
-183.80587768554688
-181.91470336914062
-181.67059326171875
-180.9264678955078
-182.8852996826172
-182.8647003173828
-181.9558868408203
-183.1058807373047
-184.0117645263672
-181.14999389648438
-182.53529357910156
-182.4588165283203
-182.23529052734375
-182.0941162109375
-186.91175842285156
-182.60000610351562
-182.1058807373047
-185.02647399902344
-182.90882873535156
-181.2176513671875
-183.19117736816406
-182.32647705078125
-181.67352294921875
-184.90882873535156
-182.8617706298828
-181.7794189453125
-182.7617645263672
-182.03529357910156
-181.53823852539062
-184.24118041992188
-182.4058837890625
-180.58529663085938
-181.8235321044922
-181.27647399902344
-182.26470947265625
-183.9882354736328
-182.14706420898438
-179.86764526367188
-181.97352600097656
-182.37353515625
-182.24705505371094
-185.41470336914062
-182.07940673828125
-182.7705841064453
-183.2823486328125
-184.05882263183594
-182.66175842285156
-182.4558868408203
-181.24118041992188
-182.02352905273438
-180.9823455810547
-183.0176544189453
-184.03529357910156
-182.49118041992188
-182.94412231445312
-182.64999389648438
-181.93235778808594
-182.21470642089844
-182.09117126464844
-182.21176147460938
-182.0117645263672
-183.3882293701172
-182.10882568359375
-181.9558868408203
-183.61764526367188
-182.12353515625
-182.27647399902344
-181.04705810546875
-181.62940979003906
-182.00588989257812
