-90.43636322021484
-93.60839080810547
-89.89090728759766
-93.42741394042969
-89.83333587646484
-105.89059448242188
-92.58018493652344
-88.72264862060547
-89.66666412353516
-90.35454559326172
-92.3235855102539
-94.45833587646484
-93.29972076416016
-90.07142639160156
-89.69999694824219
-93.13939666748047
-93.6242446899414
-107.01780700683594
-108.11742401123047
-93.0
-96.46369171142578
-92.99394226074219
-90.07142639160156
-108.9251480102539
-93.0
-105.14701843261719
-93.85454559326172
-92.625
-108.23035430908203
-109.6623306274414
-93.3484878540039
-108.19438171386719
-95.9684829711914
-107.79548645019531
-108.56288146972656
-94.12727355957031
-108.15402221679688
-93.86060333251953
-106.95545959472656
-94.04166412353516
-93.125
-93.58181762695312
-107.78539276123047
-108.80099487304688
-93.75
-92.64848327636719
-92.91666412353516
-106.9552230834961
-93.11515045166016
-107.25459289550781
-108.09957885742188
-93.58333587646484
-92.88484954833984
-92.11904907226562
-104.83966827392578
-95.86363983154297
-89.85713958740234
-92.98787689208984
-99.52953338623047
-93.29370880126953
-93.18788146972656
-93.60140228271484
-93.19802856445312
-88.95454406738281
-93.5804214477539
-89.65454864501953
-92.97901916503906
-92.74488830566406
-92.63636016845703
-92.61451721191406
-91.29090881347656
-92.73332977294922
-93.7924575805664
-92.5030288696289
-92.75757598876953
-92.4869613647461
-92.86666870117188
-93.4825210571289
-93.16243743896484
-92.66666412353516
-92.73426818847656
-93.05172729492188
-94.96926879882812
-91.49090576171875
-95.46363830566406
-95.44055938720703
-100.93706512451172
-99.3669204711914
-99.44528198242188
-83.36996459960938
-86.08850860595703
-103.50232696533203
-91.4139175415039
-122.37744903564453
-122.99705505371094
-115.31867980957031
-123.65736389160156
-125.09178924560547
-118.76055145263672
-117.41092681884766
-113.78321838378906
-125.17530822753906
-114.40534973144531
-129.528564453125
-115.8585433959961
-121.10025787353516
-129.06747436523438
-122.79814910888672
-144.8686065673828
-146.57559204101562
-129.92393493652344
-149.7713165283203
-144.9987335205078
-145.97714233398438
-148.27037048339844
-143.80575561523438
-150.3253173828125
-153.9194793701172
-159.1862030029297
-154.02279663085938
-156.1648406982422
-165.55801391601562
-164.10704040527344
-165.96200561523438
-167.66880798339844
-167.37362670898438
-173.7142791748047
-173.49642944335938
-178.69412231445312
-179.6957550048828
-179.83824157714844
-179.17724609375
-177.9651641845703
-158.26364135742188
-175.41064453125
-175.37266540527344
-179.42068481445312
-178.9926300048828
-163.46153259277344
-163.46853637695312
-164.87413024902344
-160.42727661132812
-179.64671325683594
-182.5294189453125
-174.08790588378906
-179.0
-180.5607147216797
-185.10000610351562
-177.1977996826172
-177.27406311035156
-183.19285583496094
-188.61764526367188
-188.4058837890625
-188.75
-189.5176544189453
-189.99411010742188
-191.5441131591797
-191.69117736816406
-193.7794189453125
-194.56764221191406
-195.25588989257812
-195.07647705078125
-196.09117126464844
-196.40293884277344
-198.26470947265625
-198.0823516845703
-197.75588989257812
-198.24705505371094
-199.41470336914062
-200.00881958007812
-200.65293884277344
-202.0735321044922
-201.27647399902344
-201.6558837890625
-200.19412231445312
-199.96176147460938
-199.97352600097656
-198.7294158935547
-198.72647094726562
-196.57647705078125
-196.35293579101562
-194.07940673828125
-193.7382354736328
-193.50294494628906
-193.94705200195312
-194.27352905273438
-194.27647399902344
-193.47647094726562
-193.20294189453125
-193.2617645263672
-194.2823486328125
-190.971435546875
-196.50294494628906
-195.12353515625
-195.2382354736328
-196.32647705078125
-195.62059020996094
-196.60882568359375
-196.71470642089844
-197.91175842285156
-197.77647399902344
-195.74705505371094
-196.9176483154297
-196.82058715820312
-190.5749969482422
-193.47352600097656
-191.38235473632812
-191.5323486328125
-192.19705200195312
-192.03529357910156
-191.9058837890625
-190.61764526367188
-189.8000030517578
-189.47647094726562
-189.62940979003906
-191.7941131591797
-192.00588989257812
-190.53529357910156
-188.92059326171875
-188.4823455810547
-189.63235473632812
-190.688232421875
-190.32647705078125
-190.64706420898438
-189.57647705078125
-190.0323486328125
-193.1999969482422
-188.0205841064453
-193.60000610351562
-191.27647399902344
-194.37353515625
-193.24705505371094
-193.38235473632812
-194.64706420898438
-194.33824157714844
-194.4794158935547
-193.89999389648438
-193.14706420898438
-193.80294799804688
-193.8852996826172
-196.5294189453125
-197.8617706298828
-198.2941131591797
-197.71176147460938
-199.49411010742188
-200.4264678955078
-194.75714111328125
-195.6607208251953
-199.52499389648438
-202.40293884277344
-185.61264038085938
-203.35293579101562
-184.25
-202.99118041992188
-201.05587768554688
-198.28001403808594
-193.3131866455078
-200.47116088867188
-201.58230590820312
-193.5467071533203
-196.93406677246094
-197.49118041992188
-197.14479064941406
-196.91175842285156
-198.55587768554688
-198.43235778808594
-201.15882873535156
-200.76470947265625
-197.50881958007812
-194.80294799804688
-194.9176483154297
-195.50881958007812
-196.28529357910156
-196.9882354736328
-197.36764526367188
-199.06764221191406
-193.26231384277344
-190.77352905273438
-190.24705505371094
-183.6764678955078
-187.5176544189453
-186.061767578125
-190.15293884277344
-186.69117736816406
-190.60000610351562
-189.2382354736328
-187.41175842285156
-187.6999969482422
-186.05882263183594
-184.18235778808594
-180.78529357910156
-169.4264678955078
-180.91470336914062
-180.45294189453125
-176.76470947265625
-178.41470336914062
-175.82058715820312
-172.9558868408203
-147.8647003173828
-152.53823852539062
-152.28823852539062
-144.6971435546875
-98.1392822265625
-105.4607162475586
-102.60882568359375
-83.99230194091797
-105.8382339477539
-107.55882263183594
-138.83920288085938
-144.1129608154297
-152.15383911132812
-156.8985137939453
-176.54945373535156
-160.3268585205078
-178.5274658203125
-185.625
-186.7357177734375
-179.59339904785156
-180.4945068359375
-186.63214111328125
-186.4678497314453
-180.010986328125
-180.12088012695312
-187.9678497314453
-187.19285583496094
-188.57142639160156
-188.76785278320312
-190.51071166992188
-190.36785888671875
-196.57647705078125
-196.89999389648438
-197.57647705078125
-196.40293884277344
-197.71470642089844
-198.10293579101562
-198.24118041992188
-197.92941284179688
-198.7617645263672
-198.89706420898438
-200.5323486328125
-200.90882873535156
-201.16470336914062
-202.07058715820312
-202.43528747558594
-203.3941192626953
-203.44117736816406
-203.27647399902344
-203.80294799804688
-203.32940673828125
-202.08529663085938
-200.8000030517578
-199.0500030517578
-199.0941162109375
-198.3882293701172
-197.15293884277344
-195.7794189453125
-195.6352996826172
-194.57058715820312
-193.8647003173828
-193.10821533203125
-192.63235473632812
-193.17059326171875
-193.05882263183594
-192.58824157714844
-190.3323516845703
-191.1352996826172
-189.14999389648438
-189.5323486328125
-189.6147003173828
-188.9882354736328
-188.74411010742188
-189.03823852539062
-188.92059326171875
-188.0500030517578
-187.37059020996094
-187.59117126464844
-187.39999389648438
-187.42941284179688
-188.29705810546875
-188.32647705078125
-188.97352600097656
-183.28929138183594
-188.47352600097656
-187.78823852539062
-187.12646484375
-187.81764221191406
-187.3852996826172
-187.02647399902344
-184.35293579101562
-185.31764221191406
-182.8617706298828
-183.2676544189453
-181.65293884277344
-181.5176544189453
-180.89117431640625
-180.89117431640625
-181.561767578125
-181.5823516845703
-181.35000610351562
-181.12646484375
-180.94705200195312
-180.0176544189453
-180.32647705078125
-180.57647705078125
-180.20294189453125
-180.93528747558594
-181.07647705078125
-182.438232421875
-182.55294799804688
-182.75588989257812
-172.12088012695312
-182.83824157714844
-177.99285888671875
-177.096435546875
-176.1392822265625
-181.48529052734375
-181.89117431640625
-180.5176544189453
-179.44412231445312
-178.64117431640625
-177.78823852539062
-176.58529663085938
-175.35293579101562
-175.32647705078125
-174.3558807373047
-174.03529357910156
-175.07940673828125
-173.85293579101562
-172.7617645263672
-172.68528747558594
-172.07058715820312
-171.66470336914062
-172.44412231445312
-171.30882263183594
-170.5441131591797
-172.2941131591797
-172.62940979003906
-151.2554931640625
-168.60000610351562
-168.15293884277344
-163.29286193847656
-166.95294189453125
-166.3441162109375
-165.1382293701172
-165.7694091796875
-166.32940673828125
-167.47352600097656
-166.8617706298828
-164.99118041992188
-164.92059326171875
-165.57058715820312
-165.74118041992188
-155.97857666015625
-161.0117645263672
-155.79286193847656
-157.07142639160156
-158.67857360839844
-166.6676483154297
-164.6676483154297
-163.6382293701172
-164.77647399902344
-163.688232421875
-163.47647094726562
-167.15293884277344
-163.99705505371094
-152.37088012695312
-167.8516845703125
-153.85440063476562
-118.14117431640625
-150.3916015625
-133.40660095214844
-133.6107177734375
-122.9000015258789
-138.82142639160156
-132.61764526367188
-138.57940673828125
-138.2323455810547
-170.64642333984375
-171.98214721679688
-162.28823852539062
-162.94117736816406
-179.74118041992188
-180.17059326171875
-171.37646484375
-173.99705505371094
-179.4558868408203
-183.1764678955078
-178.9214324951172
-184.68235778808594
-185.58529663085938
-185.25881958007812
-186.0735321044922
-186.2205810546875
-187.00588989257812
-187.40882873535156
-189.5176544189453
-188.35000610351562
-183.64642333984375
-176.87911987304688
-183.24185180664062
-182.6392822265625
-183.6892852783203
-183.50714111328125
-188.57948303222656
-176.61538696289062
-176.1868133544922
-188.22647094726562
-181.7035675048828
-186.0294189453125
-188.32058715820312
-187.19412231445312
-188.2705841064453
-188.45294189453125
-189.06471252441406
-187.62646484375
-189.5411834716797
-189.2205810546875
-189.07647705078125
-189.0323486328125
-187.62353515625
-188.0323486328125
-186.34117126464844
-185.7823486328125
-186.37059020996094
-187.58529663085938
-185.9882354736328
-186.59117126464844
-186.3441162109375
-185.80882263183594
-186.3941192626953
-185.5176544189453
-185.39117431640625
-184.92941284179688
-184.82058715820312
-184.9588165283203
-184.69117736816406
-184.72352600097656
-185.62646484375
-185.68528747558594
-184.94705200195312
-184.62940979003906
-183.89999389648438
-184.5441131591797
-183.5176544189453
-183.4823455810547
-183.99411010742188
-184.52647399902344
-182.94117736816406
-183.09117126464844
-183.1147003173828
-183.15882873535156
-182.75
-183.8235321044922
-183.36764526367188
-184.7088165283203
-185.2323455810547
-185.55587768554688
-186.7676544189453
-187.30882263183594
-188.10882568359375
-188.9058837890625
-188.51470947265625
-190.2382354736328
-190.1558837890625
-191.15293884277344
-190.6147003173828
-191.99705505371094
-191.58529663085938
-191.5176544189453
-191.69412231445312
-192.88235473632812
-193.24118041992188
-193.8941192626953
-195.56471252441406
-196.03529357910156
-195.12353515625
-196.2382354736328
-197.21470642089844
-197.89999389648438
-197.05882263183594
-196.9676513671875
-197.2705841064453
-198.0
-197.3647003173828
-199.06764221191406
-198.64999389648438
-199.4264678955078
-200.5176544189453
-198.48529052734375
-199.6058807373047
-199.39999389648438
-199.92941284179688
-200.80294799804688
-200.33824157714844
-198.87940979003906
-198.2382354736328
-199.35000610351562
-199.53529357910156
-198.09706115722656
-197.92941284179688
-197.84706115722656
-198.53529357910156
-198.05882263183594
-198.62059020996094
-199.58824157714844
-199.0176544189453
-199.3558807373047
-200.5411834716797
-200.46470642089844
-201.7794189453125
-202.49411010742188
-202.12059020996094
-202.87646484375
-201.7794189453125
-199.7676544189453
-199.7382354736328
-197.48529052734375
-195.5
-193.12646484375
-191.14117431640625
-186.8617706298828
-185.81471252441406
-185.19412231445312
-184.12940979003906
-182.6147003173828
-182.20294189453125
-180.3617706298828
-180.05882263183594
-179.30882263183594
-179.64999389648438
-178.69412231445312
-177.5823516845703
-179.02352905273438
-179.061767578125
-178.85000610351562
-176.93528747558594
-176.30587768554688
-176.75881958007812
-179.31471252441406
-180.62353515625
-181.6382293701172
-183.37353515625
-182.64291381835938
-181.69412231445312
-181.3323516845703
-185.37646484375
-181.561767578125
-177.21070861816406
-183.0205841064453
-182.76470947265625
-183.29705810546875
-183.3617706298828
-183.39999389648438
-181.21470642089844
-181.37353515625
-180.7205810546875
-180.7617645263672
-179.311767578125
-179.19117736816406
-176.7676544189453
-177.00588989257812
-177.05882263183594
-176.59117126464844
-176.25294494628906
-175.85882568359375
-176.2088165283203
-174.92059326171875
-175.60293579101562
-175.69117736816406
-173.4176483154297
-172.57647705078125
-172.9882354736328
-173.7382354736328
-173.17059326171875
-173.1382293701172
-174.1147003173828
-173.37940979003906
-172.5117645263672
-169.89117431640625
-171.85293579101562
-172.71176147460938
-171.69705200195312
-170.6117706298828
-167.43528747558594
-167.74118041992188
-167.78823852539062
-166.99411010742188
-164.2676544189453
-163.93528747558594
-162.53823852539062
-162.75294494628906
-162.13235473632812
-162.58529663085938
-162.4558868408203
-159.10714721679688
-164.97352600097656
-163.46176147460938
-163.7705841064453
-162.75294494628906
-162.82940673828125
-161.97647094726562
-161.58824157714844
-160.9499969482422
-160.57647705078125
-161.47352600097656
-161.9676513671875
-161.2176513671875
-160.42059326171875
-161.40882873535156
-161.59706115722656
-161.0411834716797
-161.38235473632812
-162.11764526367188
-160.76470947265625
-160.72352600097656
-160.1999969482422
-160.73529052734375
-160.67352294921875
-159.43528747558594
-160.15293884277344
-159.43528747558594
-157.9882354736328
-158.17059326171875
-159.6558837890625
-161.21470642089844
-161.50294494628906
-161.5411834716797
-162.5441131591797
-162.39117431640625
-164.0117645263672
-163.5735321044922
-164.35882568359375
-164.65293884277344
-164.7323455810547
-166.4058837890625
-166.7088165283203
-167.03823852539062
-166.2176513671875
-166.05587768554688
-166.66470336914062
-166.66175842285156
-167.25
-165.07647705078125
-166.16175842285156
-164.9499969482422
-166.02647399902344
-164.87646484375
-164.71470642089844
-164.40882873535156
-164.05882263183594
-163.87646484375
-162.31764221191406
-163.59706115722656
-163.46176147460938
-164.9558868408203
-163.59706115722656
-163.87353515625
-164.60293579101562
-164.91175842285156
-165.11764526367188
-165.4264678955078
-165.77352905273438
-166.8882293701172
-167.17941284179688
-166.72352600097656
-166.82940673828125
-166.6117706298828
-166.64117431640625
-166.49411010742188
-166.4264678955078
-166.14117431640625
-167.05294799804688
-166.96176147460938
-167.85000610351562
-167.91175842285156
-168.33529663085938
-169.60882568359375
-169.62353515625
-169.41175842285156
-169.02647399902344
-169.3441162109375
-169.52647399902344
-168.94117736816406
-170.0294189453125
-170.68235778808594
-171.33529663085938
-170.7823486328125
-170.37059020996094
-170.5441131591797
-170.87353515625
-170.42059326171875
-169.13235473632812
-168.55587768554688
-169.3852996826172
-168.25294494628906
-166.32058715820312
-165.5500030517578
-164.68235778808594
-165.39706420898438
-165.68528747558594
-167.22647094726562
-166.94705200195312
-166.55882263183594
-168.811767578125
-168.34706115722656
-168.92941284179688
-167.7941131591797
-168.64706420898438
-168.40882873535156
-169.55294799804688
-170.16470336914062
-170.9558868408203
-170.94117736816406
-170.75881958007812
-169.9499969482422
-170.2205810546875
-169.56764221191406
-169.25
-169.5
-170.55882263183594
-170.89706420898438
-170.3852996826172
-170.7617645263672
-170.46470642089844
-168.91470336914062
-170.02352905273438
-169.9588165283203
-169.2705841064453
-169.12940979003906
-169.17352294921875
-168.94117736816406
-168.62353515625
-168.1117706298828
-169.4264678955078
-167.2294158935547
-169.2794189453125
-168.99118041992188
-168.938232421875
-169.3441162109375
-171.0411834716797
-170.89706420898438
-171.62353515625
-172.30587768554688
-173.0823516845703
-172.60000610351562
-173.97352600097656
-173.1382293701172
-174.688232421875
-175.1382293701172
-175.47647094726562
-176.01470947265625
-175.70294189453125
-175.96470642089844
-175.87059020996094
-176.4058837890625
-176.30294799804688
-175.7823486328125
-176.4676513671875
-177.15882873535156
-176.87059020996094
-178.14706420898438
-178.05587768554688
-177.9588165283203
-178.12646484375
-179.67941284179688
-179.2205810546875
-180.061767578125
-179.5
-179.12646484375
-179.05294799804688
-179.32058715820312
-180.00881958007812
-179.08824157714844
-178.9058837890625
-178.61764526367188
-179.06471252441406
-178.87646484375
-178.50294494628906
-179.6147003173828
-180.36764526367188
-179.71176147460938
-180.10882568359375
-180.16175842285156
-180.12353515625
-181.02647399902344
-180.75
-180.05587768554688
-180.3000030517578
-180.6764678955078
-180.7617645263672
-180.49705505371094
-180.3000030517578
-180.16175842285156
-181.25
-181.0500030517578
-181.2382354736328
-179.4264678955078
-180.06764221191406
-181.188232421875
-181.96470642089844
-179.7941131591797
-180.42059326171875
-180.95294189453125
-181.51470947265625
-181.1764678955078
-180.69412231445312
-180.811767578125
-181.68528747558594
-180.93235778808594
-181.69412231445312
-181.6999969482422
-181.61764526367188
-183.60293579101562
-183.1147003173828
-183.81764221191406
-183.6147003173828
-184.01470947265625
-183.89117431640625
-183.88235473632812
-184.9588165283203
-185.1676483154297
-184.81471252441406
-185.85882568359375
-185.75881958007812
-186.50588989257812
-186.2941131591797
-186.12059020996094
-186.17059326171875
-186.6352996826172
-185.91175842285156
-186.5411834716797
-186.76470947265625
-186.9264678955078
-185.9264678955078
-186.37353515625
-187.21470642089844
-187.94412231445312
-187.51470947265625
-187.94705200195312
-188.62059020996094
-189.3852996826172
-190.44117736816406
-190.32058715820312
-191.37353515625
-190.7823486328125
-191.46470642089844
-191.82647705078125
-192.87646484375
-193.16470336914062
-193.62353515625
-193.5941162109375
-193.00588989257812
-194.0
-196.31764221191406
-197.0117645263672
-196.4588165283203
-197.9676513671875
-198.0411834716797
-198.52647399902344
-198.42352294921875
-198.438232421875
-199.3852996826172
-199.7382354736328
-200.12353515625
-199.3647003173828
-199.58529663085938
-200.31764221191406
-200.0411834716797
-199.3235321044922
-199.6117706298828
-198.52352905273438
-198.5941162109375
-200.19705200195312
-196.9058837890625
-196.74118041992188
-195.61764526367188
-195.25588989257812
-194.4705810546875
-194.4676513671875
-193.56764221191406
-194.43235778808594
-191.91175842285156
-191.58529663085938
-190.2294158935547
-190.35882568359375
-190.7617645263672
-190.60293579101562
-190.8617706298828
-190.7382354736328
-189.87059020996094
-189.81764221191406
-189.97352600097656
-189.32940673828125
-189.83824157714844
-189.51470947265625
-189.9676513671875
-189.7058868408203
-188.57940673828125
-188.41470336914062
-187.938232421875
-189.0294189453125
-189.06471252441406
-187.1764678955078
-187.2941131591797
-186.47352600097656
-187.0205841064453
-187.94705200195312
-187.50588989257812
-187.33824157714844
-186.9588165283203
-187.2176513671875
-187.17352294921875
-187.4558868408203
-187.25294494628906
-187.27647399902344
-187.2323455810547
-186.97352600097656
-186.6676483154297
-187.76470947265625
-187.94705200195312
-188.4264678955078
-187.43235778808594
-187.68528747558594
-187.81471252441406
-185.67352294921875
-187.7176513671875
-187.2205810546875
-186.7176513671875
-186.7294158935547
-185.5
-184.6117706298828
-185.5117645263672
-185.14999389648438
-183.76470947265625
-184.83529663085938
-185.0294189453125
-184.78823852539062
-185.2617645263672
-185.561767578125
-186.2176513671875
-186.30587768554688
-187.2705841064453
-187.2323455810547
-186.56764221191406
-185.99705505371094
-186.10293579101562
-186.0117645263672
-186.26470947265625
-186.51470947265625
-186.70294189453125
-185.3000030517578
-184.47647094726562
-185.25294494628906
-184.91175842285156
-184.1441192626953
-184.18235778808594
-184.00881958007812
-183.90293884277344
-183.53529357910156
-182.2058868408203
-181.96176147460938
-182.08529663085938
-181.37059020996094
-182.58529663085938
-182.9705810546875
-182.81764221191406
-183.5
-182.92352294921875
-182.64706420898438
-182.15293884277344
-181.79705810546875
-180.811767578125
-179.06764221191406
-178.9058837890625
-178.92941284179688
-178.7911834716797
-178.688232421875
-177.66470336914062
-176.81764221191406
-178.10293579101562
-176.85293579101562
-175.35000610351562
-176.39706420898438
-176.2676544189453
-176.17941284179688
-175.17352294921875
-174.87940979003906
-174.77352905273438
-174.9058837890625
-175.04705810546875
-174.7705841064453
-174.7794189453125
-174.9058837890625
-173.061767578125
-173.14117431640625
-173.47352600097656
-172.64706420898438
-171.5294189453125
-171.2205810546875
-170.7088165283203
-170.5294189453125
-170.6352996826172
-168.75588989257812
-168.42941284179688
-167.85000610351562
-168.52647399902344
-166.7676544189453
-167.08824157714844
-167.13235473632812
-166.01470947265625
-165.3323516845703
-165.57647705078125
-167.3882293701172
-166.42059326171875
-165.68235778808594
-164.85000610351562
-164.1999969482422
-163.73529052734375
-163.7382354736328
-163.7941131591797
-163.7941131591797
-162.37646484375
-162.7911834716797
-162.99705505371094
-161.39706420898438
-162.42941284179688
-162.01470947265625
-162.1147003173828
-162.62940979003906
-160.7382354736328
-160.15293884277344
-160.5441131591797
-161.17941284179688
-160.1764678955078
-160.75
-160.74705505371094
-160.70294189453125
-159.9176483154297
-159.5735321044922
-159.33529663085938
-159.49411010742188
-159.11764526367188
-159.07647705078125
-159.2205810546875
-160.22647094726562
-161.50881958007812
-161.5441131591797
-162.5411834716797
-163.811767578125
-164.2088165283203
-165.2911834716797
-166.41175842285156
-166.91470336914062
-167.13235473632812
-167.40293884277344
-167.66470336914062
-168.2676544189453
-168.06764221191406
-169.0411834716797
-167.68528747558594
-168.90293884277344
-168.47647094726562
-168.01470947265625
-166.74118041992188
-167.44705200195312
-167.25588989257812
-168.57058715820312
-167.9499969482422
-169.438232421875
-169.6058807373047
-169.40882873535156
-169.82940673828125
-170.4176483154297
-169.96176147460938
-169.28529357910156
-169.5117645263672
-170.74705505371094
-169.80294799804688
-170.0205841064453
-170.65882873535156
-170.4176483154297
-169.87646484375
-170.22647094726562
-170.561767578125
-171.27647399902344
-171.25588989257812
-172.12059020996094
-171.68528747558594
-173.64117431640625
-171.04705810546875
-171.07940673828125
-171.53529357910156
-171.17059326171875
-170.7323455810547
-170.35882568359375
-171.43235778808594
-171.82940673828125
-171.85882568359375
-170.97352600097656
-170.2323455810547
-170.92059326171875
-170.24705505371094
-169.6441192626953
-170.12646484375
-168.60000610351562
-168.37353515625
-168.99411010742188
-168.62059020996094
-168.72647094726562
-168.87353515625
-169.0
-168.37353515625
-168.88235473632812
-168.2088165283203
-167.9588165283203
-168.061767578125
-167.77647399902344
-168.25588989257812
-168.80882263183594
-169.06471252441406
-169.5176544189453
-168.89999389648438
-169.90293884277344
-169.26470947265625
-168.92941284179688
-170.37353515625
-169.6558837890625
-171.35882568359375
-172.12353515625
-172.65293884277344
-170.4705810546875
-170.96470642089844
-171.92941284179688
-171.94117736816406
-172.58824157714844
-172.23529052734375
-172.35293579101562
-171.84117126464844
-171.64117431640625
-172.37940979003906
-172.48529052734375
-173.2294158935547
-173.2382354736328
-173.06471252441406
-172.9794158935547
-172.64117431640625
-173.5117645263672
-173.09706115722656
-172.66175842285156
-172.62940979003906
-172.39117431640625
-172.28529357910156
-171.85000610351562
-173.17059326171875
-172.72352600097656
-172.37353515625
-171.30882263183594
-171.40293884277344
-172.0941162109375
-172.09117126464844
-171.79705810546875
-171.93235778808594
-171.93235778808594
-171.43528747558594
-171.24705505371094
-170.9823455810547
-171.57647705078125
-170.6352996826172
-171.50881958007812
-171.43528747558594
-171.6147003173828
-170.98529052734375
-171.14706420898438
-170.8941192626953
-171.3882293701172
-172.0411834716797
-172.8941192626953
-172.19412231445312
-172.11764526367188
-172.6676483154297
-172.25294494628906
-172.69705200195312
-172.6558837890625
-173.62353515625
-173.16175842285156
-174.4794158935547
-174.3647003173828
-175.1558837890625
-174.97647094726562
-175.8617706298828
-175.96470642089844
-175.7794189453125
-175.9264678955078
-176.85882568359375
-176.32940673828125
-177.3323516845703
-177.62353515625
-178.5323486328125
-179.5735321044922
-179.5294189453125
-180.6441192626953
-179.7176513671875
-180.97647094726562
-183.25294494628906
-182.75294494628906
-181.6147003173828
-181.9499969482422
-182.49118041992188
-183.2705841064453
-183.39117431640625
-183.18528747558594
-183.4499969482422
-183.54705810546875
-183.73529052734375
-183.2911834716797
-183.35293579101562
-184.71470642089844
-184.02647399902344
-183.59117126464844
-185.3882293701172
-185.82940673828125
-185.52647399902344
-185.2205810546875
-185.00588989257812
-185.78823852539062
-185.72647094726562
-185.82058715820312
-185.4588165283203
-186.3882293701172
-186.00588989257812
-186.65293884277344
-187.1441192626953
-187.0205841064453
-186.8441162109375
-187.62940979003906
-187.27352905273438
-187.188232421875
-188.61764526367188
-188.4176483154297
-187.7382354736328
-189.0294189453125
-188.25294494628906
-188.74118041992188
-189.3323516845703
-190.0823516845703
-191.10000610351562
-191.08824157714844
-191.14999389648438
-191.33529663085938
-191.25588989257812
-191.3441162109375
-190.82940673828125
-191.2823486328125
-190.8882293701172
-191.38235473632812
-191.2705841064453
-191.25588989257812
-190.70294189453125
-191.91470336914062
-192.19412231445312
-192.0941162109375
-192.0441131591797
-192.5735321044922
-192.3882293701172
-193.2941131591797
-192.88235473632812
-192.42059326171875
-192.67352294921875
-193.85882568359375
-193.64117431640625
-193.97647094726562
-194.05587768554688
-194.3323516845703
-194.2088165283203
-194.64999389648438
-194.55882263183594
-195.39706420898438
-195.37353515625
-194.55882263183594
-194.54705810546875
-193.80294799804688
-193.71470642089844
-193.64117431640625
-193.5823516845703
-193.68235778808594
-193.9499969482422
-194.0441131591797
-195.03823852539062
-194.30882263183594
-194.5294189453125
-194.7058868408203
-195.59117126464844
-196.1352996826172
-196.75
-196.6676483154297
-197.5941162109375
-197.46470642089844
-198.20294189453125
-197.99705505371094
-197.66470336914062
-197.99411010742188
-197.17941284179688
-197.061767578125
-197.74411010742188
-197.97647094726562
-198.68528747558594
-197.57058715820312
-198.1676483154297
-198.33529663085938
-198.62059020996094
-199.4499969482422
-200.75588989257812
-202.05294799804688
-201.9794158935547
-202.6558837890625
-203.30587768554688
-202.77647399902344
-202.4588165283203
-202.5411834716797
-202.7205810546875
-202.5823516845703
-200.84117126464844
-200.12646484375
-197.8000030517578
-197.62646484375
-196.188232421875
-195.7205810546875
-194.5441131591797
-194.16175842285156
-192.50588989257812
-192.30882263183594
-191.6352996826172
-190.39999389648438
-190.78823852539062
-190.5176544189453
-190.25881958007812
-190.55882263183594
-189.95294189453125
-189.25881958007812
-189.188232421875
-189.2941131591797
-189.28529357910156
-188.7941131591797
-189.04705810546875
-188.57940673828125
-188.24118041992188
-187.65882873535156
-187.31471252441406
-187.3617706298828
-187.44412231445312
-187.31471252441406
-186.65293884277344
-186.01470947265625
-184.17941284179688
-183.59117126464844
-182.64117431640625
-182.0
-181.7294158935547
-180.9499969482422
-181.5500030517578
-181.1147003173828
-180.07058715820312
-179.70294189453125
-179.7911834716797
-179.3617706298828
-179.43235778808594
-179.68235778808594
-179.4676513671875
-179.63235473632812
-179.72352600097656
-179.35882568359375
-179.311767578125
-178.8882293701172
-178.7823486328125
-179.39706420898438
-178.94117736816406
-179.2176513671875
-179.2088165283203
-179.00294494628906
-179.10000610351562
-178.92059326171875
-178.91175842285156
-178.74705505371094
-178.71470642089844
-178.42941284179688
-178.58529663085938
-178.93235778808594
-179.0205841064453
-178.6352996826172
-178.54705810546875
-178.4882354736328
-178.34706115722656
-178.18235778808594
-177.84706115722656
-177.74705505371094
-177.1147003173828
-176.8941192626953
-176.74705505371094
-175.29705810546875
-174.67352294921875
-173.80882263183594
-173.8617706298828
-173.42352294921875
-173.37940979003906
-173.27352905273438
-172.39706420898438
-173.24705505371094
-172.53529357910156
-172.3235321044922
-172.37353515625
-172.66470336914062
-172.57647705078125
-172.65293884277344
-172.6676483154297
-172.69705200195312
-172.72352600097656
-171.8000030517578
-170.84706115722656
-171.23529052734375
-171.09706115722656
-169.97647094726562
-169.87353515625
-169.89706420898438
-169.98529052734375
-169.60882568359375
-169.7205810546875
-168.54705810546875
-168.5
-167.84706115722656
-167.46176147460938
-166.16470336914062
-165.9558868408203
-166.03823852539062
-165.561767578125
-165.00294494628906
-163.67941284179688
-163.92352294921875
-163.88235473632812
-163.62353515625
-162.93528747558594
-163.2823486328125
-163.08824157714844
-163.43528747558594
-161.89706420898438
-161.91175842285156
-161.7088165283203
-162.09706115722656
-161.7058868408203
-161.9705810546875
-161.64706420898438
-162.76470947265625
-161.76470947265625
-161.78529357910156
-160.2294158935547
-160.41175842285156
-159.7176513671875
-158.7088165283203
-157.39706420898438
-157.9823455810547
-157.1058807373047
-156.55294799804688
-155.37646484375
-155.9823455810547
-156.5500030517578
-157.6147003173828
-156.69705200195312
-156.5941162109375
-157.35000610351562
-158.3323516845703
-158.62646484375
-159.81764221191406
-160.85293579101562
-161.2911834716797
-162.77352905273438
-163.59706115722656
-164.3323516845703
-164.62353515625
-167.35293579101562
-167.27352905273438
-167.61764526367188
-167.62646484375
-167.56471252441406
-167.84117126464844
-167.53823852539062
-156.2857208251953
-167.5176544189453
-161.19285583496094
-166.7088165283203
-161.2142791748047
-166.2382354736328
-166.39706420898438
-167.7794189453125
-168.24705505371094
-169.41175842285156
-169.90882873535156
-170.8852996826172
-171.0294189453125
-171.11764526367188
-169.9823455810547
-170.39117431640625
-171.10000610351562
-171.41175842285156
-171.7294158935547
-171.7323455810547
-171.42352294921875
-172.72647094726562
-172.7941131591797
-172.0
-173.2617645263672
-173.53529357910156
-174.15882873535156
-172.9176483154297
-174.3558807373047
-174.6999969482422
-175.06471252441406
-175.25
-176.3323516845703
-177.00294494628906
-178.0117645263672
-178.32058715820312
-178.00294494628906
-178.37646484375
-179.4264678955078
-179.59117126464844
-180.3441162109375
-178.77352905273438
-178.81764221191406
-179.6764678955078
-180.4823455810547
-180.63235473632812
-181.09117126464844
-181.89999389648438
-182.15882873535156
-181.60882568359375
-182.17352294921875
-181.94117736816406
-181.94705200195312
-182.9264678955078
-182.93528747558594
-181.7294158935547
-182.4705810546875
-182.7911834716797
-183.6058807373047
-183.51470947265625
-183.73529052734375
-184.0411834716797
-184.58824157714844
-184.56471252441406
-184.6058807373047
-184.14117431640625
-185.19412231445312
-184.23529052734375
-183.5735321044922
-181.97647094726562
-182.57940673828125
-181.45294189453125
-179.8852996826172
-180.25
-179.84117126464844
-179.8323516845703
-179.5500030517578
-179.6999969482422
-178.7294158935547
-178.67352294921875
-178.9676513671875
-179.1441192626953
-179.03529357910156
-179.0411834716797
-179.4058837890625
-179.37646484375
-179.9588165283203
-180.59117126464844
-180.47647094726562
-179.82647705078125
-179.26470947265625
-178.46470642089844
-179.4882354736328
-178.89706420898438
-179.67941284179688
-180.00588989257812
-179.43235778808594
-179.5117645263672
-181.4705810546875
-181.8000030517578
-182.86764526367188
-183.811767578125
-183.39999389648438
-184.6999969482422
-184.6999969482422
-185.93235778808594
-186.43528747558594
-187.2382354736328
-186.59117126464844
-186.85882568359375
-187.66175842285156
-188.23529052734375
-188.70294189453125
-188.24411010742188
-188.07647705078125
-188.03529357910156
-188.49411010742188
-189.10000610351562
-189.72647094726562
-188.80882263183594
-189.0941162109375
-189.03823852539062
-189.8558807373047
-190.51470947265625
-190.7058868408203
-190.81764221191406
-191.50588989257812
-191.9676513671875
-192.28823852539062
-192.46470642089844
-193.0441131591797
-193.3941192626953
-192.82940673828125
-193.60293579101562
-193.72647094726562
-194.8441162109375
-195.19412231445312
-194.64999389648438
-194.4499969482422
-195.27647399902344
-196.32647705078125
-195.75881958007812
-196.86764526367188
-197.70294189453125
-198.59706115722656
-199.81471252441406
-199.24705505371094
-201.26470947265625
-201.0441131591797
-200.4499969482422
-200.39999389648438
-201.68235778808594
-201.34117126464844
-201.95294189453125
-201.42059326171875
-198.58529663085938
-197.8235321044922
-198.1441192626953
-197.83529663085938
-194.92352294921875
-193.7176513671875
-192.2058868408203
-192.0823516845703
-192.0117645263672
-192.37353515625
-192.17352294921875
-190.9499969482422
-191.78823852539062
-191.30882263183594
-191.05882263183594
-190.52352905273438
-190.5823516845703
-191.05882263183594
-191.35882568359375
-191.6382293701172
-190.59706115722656
-189.33529663085938
-188.7323455810547
-187.7823486328125
-187.7705841064453
-187.82058715820312
-187.63235473632812
-185.25588989257812
-185.25588989257812
-183.74705505371094
-182.14999389648438
-182.188232421875
-181.9176483154297
-181.56764221191406
-180.57058715820312
-180.65882873535156
-179.02647399902344
-177.7794189453125
-177.90293884277344
-176.9499969482422
-177.22352600097656
-175.03529357910156
-177.07940673828125
-176.4499969482422
-176.12059020996094
-175.42352294921875
-175.85000610351562
-174.92059326171875
-173.7294158935547
-174.3323516845703
-174.11764526367188
-173.1999969482422
-172.9264678955078
-173.2705841064453
-173.62646484375
-173.48529052734375
-173.9176483154297
-173.06471252441406
-173.52352905273438
-172.9676513671875
-173.67059326171875
-173.12059020996094
-173.2941131591797
-171.21176147460938
-172.07647705078125
-172.5823516845703
-172.72647094726562
-172.94117736816406
-172.8647003173828
-172.74705505371094
-172.2382354736328
-173.2205810546875
-173.0117645263672
-172.6382293701172
-172.37646484375
-171.40882873535156
-171.55587768554688
-171.51470947265625
-170.9176483154297
-170.95294189453125
-170.1441192626953
-169.7382354736328
-169.21470642089844
-168.94705200195312
-168.2823486328125
-168.41470336914062
-167.5411834716797
-165.51470947265625
-166.0294189453125
-166.62940979003906
-166.2705841064453
-166.0441131591797
-165.6558837890625
-165.1999969482422
-166.35882568359375
-164.25881958007812
-164.06471252441406
-163.7205810546875
-163.0176544189453
-162.05294799804688
-157.22857666015625
-152.21978759765625
-160.8941192626953
-160.24411010742188
-161.06764221191406
-160.5294189453125
-156.35357666015625
-161.17059326171875
-161.0500030517578
-162.3558807373047
-161.1352996826172
-161.4058837890625
-163.24705505371094
-162.3558807373047
-163.32940673828125
-163.07647705078125
-162.43528747558594
-164.1058807373047
-164.35882568359375
-165.1999969482422
-164.3882293701172
-166.00881958007812
-165.57940673828125
-168.9794158935547
-169.7823486328125
-169.55294799804688
-168.10000610351562
-168.5941162109375
-166.0294189453125
-165.9264678955078
-166.30587768554688
-166.33529663085938
-166.7176513671875
-165.92941284179688
-166.21176147460938
-164.97647094726562
-165.4676513671875
-166.49705505371094
-164.56764221191406
-164.2088165283203
-164.28529357910156
-164.8558807373047
-164.72352600097656
-165.05294799804688
-164.6352996826172
-164.72352600097656
-163.19117736816406
-163.56764221191406
-162.78823852539062
-162.67059326171875
-163.00588989257812
-163.2911834716797
-161.75294494628906
-161.74118041992188
-163.05882263183594
-164.2382354736328
-162.70294189453125
-163.80294799804688
-162.9558868408203
-164.35000610351562
-163.3882293701172
-163.21470642089844
-165.7941131591797
-166.11764526367188
-166.02352905273438
-165.77647399902344
-166.3000030517578
-166.6382293701172
-168.22352600097656
-167.53823852539062
-165.47647094726562
-166.84117126464844
-168.72647094726562
-166.82058715820312
-166.64999389648438
-165.9676513671875
-165.22352600097656
-165.39999389648438
-165.32940673828125
-165.2294158935547
-166.15882873535156
-164.42059326171875
-161.7058868408203
-164.79705810546875
-164.2382354736328
-165.60293579101562
-166.31764221191406
-161.83529663085938
-163.8441162109375
-163.5117645263672
-162.2088165283203
-164.60293579101562
-164.30294799804688
-163.1147003173828
-159.6750030517578
-158.12857055664062
-163.7176513671875
-166.60000610351562
-166.60000610351562
-165.2676544189453
-165.90882873535156
-166.01470947265625
-163.5
-163.92059326171875
-164.0323486328125
-162.64706420898438
-162.67941284179688
-162.2176513671875
-157.80587768554688
-158.62646484375
-159.87353515625
-160.64706420898438
-168.1058807373047
-164.10000610351562
-151.7382354736328
-170.69412231445312
-155.57058715820312
-172.1058807373047
-159.0
-172.92352294921875
-173.811767578125
-175.02352905273438
-164.62059020996094
-177.32058715820312
-169.56764221191406
-176.27352905273438
-182.64178466796875
-174.73626708984375
-181.95596313476562
-179.3428497314453
-181.24642944335938
-182.22857666015625
-182.2857208251953
-186.6382293701172
-187.27352905273438
-187.06764221191406
-187.19412231445312
-189.96470642089844
-189.5441131591797
-190.62353515625
-189.76470947265625
-192.95294189453125
-194.69412231445312
-192.9058837890625
-194.38235473632812
-190.74411010742188
-188.2058868408203
-194.08529663085938
-188.6352996826172
-190.41470336914062
-189.93235778808594
-192.59706115722656
-192.17352294921875
-192.07647705078125
-188.84117126464844
-190.75881958007812
-189.00294494628906
-189.2205810546875
-191.66470336914062
-190.19117736816406
-190.60293579101562
-188.89706420898438
-189.42059326171875
-188.15293884277344
-185.2911834716797
-189.20294189453125
-188.5823516845703
-189.58824157714844
-190.62646484375
-189.67941284179688
-190.60000610351562
-188.18235778808594
-186.67059326171875
-186.75
-185.46470642089844
-179.30882263183594
-180.71470642089844
-181.55294799804688
-178.0323486328125
-174.19705200195312
-163.14706420898438
-171.2705841064453
-174.7705535888672
-169.6696319580078
-172.11483764648438
-170.7328338623047
-149.99937438964844
-167.84609985351562
-158.73123168945312
-168.0078887939453
-155.31764221191406
-157.1221923828125
-160.95294189453125
-173.57058715820312
-162.55587768554688
-168.55587768554688
-158.71751403808594
-161.811767578125
-166.43528747558594
-161.52352905273438
-165.5176544189453
-150.3852996826172
-156.2941131591797
-163.52352905273438
-169.03529357910156
-152.9412384033203
-161.72352600097656
-164.78529357910156
-155.12059020996094
-155.561767578125
-172.15293884277344
-164.75588989257812
-167.5
-171.6339569091797
-158.42941284179688
-162.3647003173828
-172.65882873535156
-163.80587768554688
-157.29705810546875
-157.28823852539062
-162.77352905273438
-167.1352996826172
-154.3852996826172
-159.43528747558594
-167.94117736816406
-164.80882263183594
-168.01470947265625
-164.5823516845703
-154.58824157714844
-164.65882873535156
-151.62059020996094
-165.7911834716797
-171.4558868408203
-166.1764678955078
-173.2823486328125
-157.53823852539062
-158.37940979003906
-161.7705841064453
-159.17352294921875
-167.00294494628906
-162.81471252441406
-157.1117706298828
-163.46673583984375
-167.26470947265625
-164.17059326171875
-159.4264678955078
-172.76470947265625
-168.8558807373047
-170.311767578125
-164.67352294921875
-160.24705505371094
-161.1999969482422
-160.75294494628906
-153.0441131591797
-154.2705841064453
-165.77647399902344
-166.7941131591797
-162.97352600097656
-174.3000030517578
-149.7676544189453
-162.6558837890625
-167.92352294921875
-148.39706420898438
-153.89117431640625
-148.6117706298828
-161.9058837890625
-162.09117126464844
-166.83824157714844
-167.25294494628906
-161.2794189453125
-153.17555236816406
-151.25294494628906
-168.73529052734375
-168.2058868408203
-164.3000030517578
-170.00294494628906
-164.32647705078125
-170.15882873535156
-171.85293579101562
-164.94412231445312
-158.10882568359375
-173.10293579101562
-147.14706420898438
-167.12646484375
-157.84117126464844
-157.82647705078125
-169.0441131591797
-170.2058868408203
-169.35293579101562
-166.68235778808594
-155.05587768554688
-169.43528747558594
-164.7176513671875
-166.4558868408203
-170.0441131591797
-155.19705200195312
-153.2088165283203
-152.58529663085938
-158.69117736816406
-163.87940979003906
-167.40882873535156
-157.1999969482422
-171.87059020996094
-164.82647705078125
-171.1676483154297
-168.49411010742188
-165.8852996826172
-164.14117431640625
-174.0500030517578
-171.4676513671875
-169.7323455810547
-154.87353515625
-158.31764221191406
-169.30294799804688
-170.1558837890625
-156.55294799804688
-167.57940673828125
-161.96470642089844
-162.99705505371094
-150.34117126464844
-157.20294189453125
-150.0205841064453
-160.9705810546875
-166.7088165283203
-153.12646484375
-159.42059326171875
-165.32058715820312
-166.6058807373047
-168.58824157714844
-167.5411834716797
-170.2176513671875
-163.7176513671875
-154.79705810546875
-173.06764221191406
-156.0411834716797
-166.69412231445312
-161.5176544189453
-162.7941131591797
-157.74411010742188
-156.5205841064453
-150.92352294921875
-167.10000610351562
-167.37353515625
-169.9823455810547
-165.55882263183594
-164.55882263183594
-151.57647705078125
-170.41470336914062
-159.91470336914062
