-187.81764221191406
-187.0411834716797
-187.8882293701172
-187.38235473632812
-188.2823486328125
-188.57940673828125
-189.00294494628906
-187.3941192626953
-187.4264678955078
-188.50294494628906
-182.22857666015625
-188.0823516845703
-188.57940673828125
-187.62059020996094
-186.8617706298828
-182.35357666015625
-188.07647705078125
-188.0323486328125
-188.47647094726562
-187.6352996826172
-188.188232421875
-188.94705200195312
-187.49411010742188
-188.72352600097656
-188.21176147460938
-182.05714416503906
-188.0323486328125
-188.87353515625
-187.89706420898438
-187.51470947265625
-188.05294799804688
-188.4499969482422
-186.5205841064453
-182.0321502685547
-188.4794158935547
-188.61764526367188
-187.97647094726562
-189.82647705078125
-188.16175842285156
-187.85293579101562
-187.30587768554688
-187.9558868408203
-188.9794158935547
-188.35293579101562
-181.33213806152344
-187.49118041992188
-189.2294158935547
-188.8852996826172
-188.19412231445312
-188.30587768554688
-188.2058868408203
-187.82940673828125
-187.6558837890625
-189.0441131591797
-187.7794189453125
-188.06471252441406
-188.6382293701172
-188.17941284179688
-188.17059326171875
-187.3852996826172
-188.2794189453125
-187.6999969482422
-188.19705200195312
-188.59706115722656
-187.27647399902344
-188.3323516845703
-187.57940673828125
-188.0941162109375
-182.23928833007812
-188.0294189453125
-188.3852996826172
-188.29705810546875
-188.3852996826172
-187.0117645263672
-187.89117431640625
-187.45294189453125
-187.9264678955078
-187.21176147460938
-188.6558837890625
-187.2823486328125
-187.61764526367188
-188.24118041992188
-182.5464324951172
-188.57940673828125
-188.67059326171875
-188.5294189453125
-188.24411010742188
-187.1147003173828
-188.47352600097656
-186.9705810546875
-188.99411010742188
-188.1441192626953
-187.88235473632812
-187.55882263183594
-187.4176483154297
-187.74118041992188
-187.67352294921875
-188.938232421875
-187.74411010742188
-187.47352600097656
-187.75
-187.89706420898438
-187.5823516845703
-186.89117431640625
-188.34117126464844
-183.20713806152344
-187.3647003173828
-186.63235473632812
-187.56764221191406
-188.94705200195312
-188.57940673828125
-187.938232421875
-187.7294158935547
-187.67059326171875
-188.09117126464844
-187.42352294921875
-186.93235778808594
-187.57940673828125
-188.07647705078125
-187.82940673828125
-182.0785675048828
-187.85000610351562
-187.50881958007812
-188.7088165283203
-187.53823852539062
-186.9705810546875
-187.41175842285156
-188.15293884277344
-189.33824157714844
-188.2794189453125
-186.76470947265625
-186.87353515625
-187.19705200195312
-188.5735321044922
-186.9705810546875
-187.72647094726562
-186.60000610351562
-187.58529663085938
-187.03529357910156
-188.19412231445312
-186.74705505371094
-188.0117645263672
-187.1999969482422
-187.67059326171875
-187.2205810546875
-187.87353515625
-186.42941284179688
-187.4176483154297
-188.78529357910156
-187.44412231445312
-182.0785675048828
-187.4176483154297
-189.6441192626953
-187.8852996826172
-189.15882873535156
-188.29705810546875
-187.28823852539062
-181.73214721679688
-187.4794158935547
-188.22647094726562
-188.37940979003906
-188.93235778808594
-188.7176513671875
-188.3617706298828
-187.4176483154297
-189.0411834716797
-188.56764221191406
-188.42941284179688
-186.99118041992188
-187.89706420898438
-187.8323516845703
-186.59706115722656
-187.7294158935547
-188.50881958007812
-188.16175842285156
-188.52647399902344
-187.23529052734375
-187.9882354736328
-187.3441162109375
-187.37353515625
-188.10882568359375
-187.87940979003906
-188.67941284179688
-189.12940979003906
-189.17941284179688
-187.2911834716797
-188.08529663085938
-187.64706420898438
-187.91470336914062
-187.17352294921875
-188.66175842285156
-188.89706420898438
-187.7294158935547
-182.4250030517578
-187.12646484375
-188.94117736816406
-187.938232421875
-187.43528747558594
-187.32647705078125
-187.89706420898438
-187.20294189453125
-188.0323486328125
-188.54705810546875
-188.12353515625
-187.7176513671875
-187.32058715820312
-188.12059020996094
-187.2294158935547
-186.75588989257812
-187.38235473632812
-188.0323486328125
-188.37940979003906
-188.4058837890625
-187.7911834716797
-188.15293884277344
-187.7323455810547
-188.2911834716797
-187.81764221191406
-187.24118041992188
-188.3235321044922
-188.37353515625
-187.6676483154297
-188.2823486328125
-188.0500030517578
-188.03823852539062
-188.37940979003906
-187.4176483154297
-187.16175842285156
-187.8323516845703
-186.75881958007812
-187.53823852539062
-187.85293579101562
-188.3235321044922
-187.28529357910156
-188.00881958007812
-188.50881958007812
-188.2323455810547
-188.6999969482422
-188.1352996826172
-189.438232421875
-187.4882354736328
-187.6999969482422
-186.60882568359375
-187.6352996826172
-187.57058715820312
-188.2617645263672
-188.82940673828125
-189.19117736816406
-187.7088165283203
-187.4794158935547
-187.0941162109375
-186.43528747558594
-187.48529052734375
-188.9705810546875
-188.2676544189453
-187.39706420898438
-188.0176544189453
-186.92352294921875
-188.2941131591797
-181.95713806152344
-187.99118041992188
-182.56785583496094
-187.8235321044922
-187.78529357910156
-188.69117736816406
-187.58529663085938
-186.7794189453125
-186.43235778808594
-185.42352294921875
-185.09117126464844
-184.05294799804688
-186.85000610351562
-185.60293579101562
-185.77647399902344
-186.25881958007812
-185.99411010742188
-185.32647705078125
-184.62353515625
-185.3941192626953
-185.43235778808594
-184.7382354736328
-185.1352996826172
-185.59117126464844
-185.60293579101562
-185.8323516845703
-185.9107208251953
-187.1676483154297
-187.2911834716797
-187.27499389648438
-187.2176513671875
-186.9392852783203
-187.40882873535156
-187.41209411621094
-187.70294189453125
-187.9794158935547
-185.74705505371094
-185.19642639160156
-182.58570861816406
-180.6593475341797
-180.12353515625
-179.42941284179688
-180.49705505371094
-181.30882263183594
-180.62353515625
-180.59930419921875
-179.24411010742188
-178.61451721191406
-177.7617645263672
-170.83624267578125
-170.12142944335938
-178.18235778808594
-175.7596435546875
-175.79049682617188
-174.8921356201172
-174.4705810546875
-174.00030517578125
-160.5155487060547
-172.27767944335938
-174.1676483154297
-153.3364715576172
-171.3647003173828
-170.67420959472656
-170.13214111328125
-157.22093200683594
-156.89846801757812
-156.15383911132812
-161.96070861816406
-169.83529663085938
-164.9899139404297
-164.64706420898438
-165.44117736816406
-164.24411010742188
-163.77647399902344
-164.61764526367188
-164.18528747558594
-165.52352905273438
-164.18235778808594
-163.66175842285156
-163.6382293701172
-163.89117431640625
-163.67941284179688
-164.21470642089844
-164.5514678955078
-154.14285278320312
-163.7911834716797
-162.28823852539062
-163.0350799560547
-152.59890747070312
-163.73097229003906
-152.10989379882812
-158.45596313476562
-160.60031127929688
-143.2664794921875
-161.3514862060547
-162.8543701171875
-163.1160125732422
-139.76516723632812
-140.24288940429688
-145.21258544921875
-141.950927734375
-150.64927673339844
-154.2306671142578
-149.5301055908203
-149.56239318847656
-155.61585998535156
-160.08740234375
-155.61859130859375
-162.1645965576172
-169.93075561523438
-170.86717224121094
-171.65298461914062
-171.58145141601562
-172.25315856933594
-172.0574493408203
-166.3892822265625
-172.68429565429688
-171.561767578125
-171.8092803955078
-172.1289520263672
-173.4109649658203
-126.96428680419922
-161.6438751220703
-152.5467987060547
-172.68075561523438
-152.92063903808594
-173.1676483154297
-157.83250427246094
-174.678955078125
-163.78018188476562
-176.30636596679688
-152.93515014648438
-151.72027587890625
-165.1648406982422
-171.38003540039062
-148.50267028808594
-138.1666717529297
-178.13253784179688
-179.9894256591797
-174.38108825683594
-152.91818237304688
-147.90908813476562
-175.13221740722656
-165.8076934814453
-171.3131866455078
-155.49090576171875
-174.2938995361328
-150.38787841796875
-151.35757446289062
-163.16783142089844
-168.49725341796875
-159.8727264404297
-159.43637084960938
-163.9650421142578
-164.83216857910156
-188.22427368164062
-167.07691955566406
-167.86712646484375
-189.85122680664062
-168.68531799316406
-191.4527587890625
-177.46978759765625
-176.3022003173828
-170.27972412109375
-176.21702575683594
-189.9214324951172
-183.5054931640625
-183.7142791748047
-176.71153259277344
-189.19285583496094
-183.8131866455078
-184.07691955566406
-194.74411010742188
-183.07691955566406
-184.23077392578125
-188.51071166992188
-194.2794189453125
-194.1999969482422
-194.2676544189453
-194.75588989257812
-194.21470642089844
-194.01661682128906
-195.05076599121094
-195.28701782226562
-196.07058715820312
-195.5647735595703
-197.76780700683594
-198.1531219482422
-197.42906188964844
-197.59117126464844
-198.60726928710938
-178.8022003173828
-178.60440063476562
-186.14285278320312
-192.58213806152344
-190.70713806152344
-198.19412231445312
-192.25714111328125
-191.99285888671875
-198.7058868408203
-199.08529663085938
-197.95826721191406
-198.39999389648438
-198.72647094726562
-198.9794158935547
-199.3209228515625
-199.6568145751953
-200.38841247558594
-200.0376739501953
-201.1765594482422
-202.9281005859375
-200.1129608154297
-201.46463012695312
-202.07301330566406
-201.29705810546875
-197.89999389648438
-190.123291015625
-201.69915771484375
-202.15383911132812
-198.80357360839844
-197.5018768310547
-195.95401000976562
-197.5823516845703
-194.7816619873047
-194.82083129882812
-200.92437744140625
-193.93939208984375
-193.73973083496094
-192.3848419189453
-190.90220642089844
-193.0185546875
-191.45143127441406
-194.16175842285156
-188.2981414794922
-197.0244598388672
-193.68661499023438
-193.7058868408203
-194.888427734375
-191.30792236328125
-190.347900390625
-176.6666717529297
-191.1301727294922
-188.88134765625
-165.84616088867188
-189.91465759277344
-184.6714324951172
-171.78297424316406
-185.05714416503906
-173.04945373535156
-178.2857208251953
-190.2656707763672
-189.58843994140625
-178.1758270263672
-140.96189880371094
-184.36785888671875
-177.7912139892578
-182.41552734375
-188.0441131591797
-181.47500610351562
-186.33824157714844
-185.80882263183594
-184.9558868408203
-185.84117126464844
-180.0321502685547
-185.6023406982422
-186.77069091796875
-185.34706115722656
-185.3188934326172
-185.03472900390625
-180.07595825195312
-142.7557373046875
-144.14596557617188
-172.20176696777344
-163.21678161621094
-166.68955993652344
-171.60440063476562
-165.68955993652344
-155.5028076171875
-162.63772583007812
-181.311767578125
-170.38461303710938
-170.5054931640625
-175.25714111328125
-181.0735321044922
-180.07647705078125
-174.73214721679688
-179.64706420898438
-179.72647094726562
-180.62940979003906
-181.3882293701172
-181.32647705078125
-181.57058715820312
-181.2617645263672
-182.08824157714844
-182.8323516845703
-182.4588165283203
-182.43235778808594
-183.55587768554688
-184.16470336914062
-183.55587768554688
-183.7323455810547
-185.35293579101562
-185.52647399902344
-186.09117126464844
-186.17352294921875
-186.938232421875
-188.63235473632812
-189.2676544189453
-187.71176147460938
-187.87940979003906
-188.9499969482422
-179.1648406982422
-193.74118041992188
-192.40293884277344
-192.67352294921875
-195.5828399658203
-195.41470336914062
-194.20037841796875
-185.58241271972656
-195.28768920898438
-196.40882873535156
-197.62940979003906
-199.58529663085938
-199.53529357910156
-200.23529052734375
-200.02647399902344
-201.29705810546875
-200.72647094726562
-201.41175842285156
-201.41470336914062
-202.0441131591797
-201.9176483154297
-201.3941192626953
-200.8941192626953
-199.59117126464844
-198.41175842285156
-195.81471252441406
-194.64117431640625
-193.2794189453125
-191.01470947265625
-190.17941284179688
-187.32647705078125
-185.70294189453125
-185.79705810546875
-186.0735321044922
-184.80882263183594
-184.71176147460938
-183.39706420898438
-183.605224609375
-181.4058837890625
-181.4676513671875
-181.13235473632812
-179.91175842285156
-180.6764678955078
-179.4705810546875
-180.32647705078125
-180.1676483154297
-179.54705810546875
-178.9499969482422
-179.8235321044922
-179.50588989257812
-179.438232421875
-179.4499969482422
-178.94705200195312
-178.46176147460938
-178.98529052734375
-178.6058807373047
-178.78529357910156
-178.80294799804688
-178.94412231445312
-179.53529357910156
-178.81471252441406
-179.4499969482422
-177.67941284179688
-177.93235778808594
-177.86764526367188
-177.53823852539062
-177.08529663085938
-177.25881958007812
-176.77647399902344
-176.3941192626953
-175.00588989257812
-176.09706115722656
-175.75588989257812
-176.44705200195312
-175.92352294921875
-176.3000030517578
-176.2823486328125
-175.67352294921875
-175.6999969482422
-175.2676544189453
-174.9058837890625
-173.4558868408203
-173.17941284179688
-173.9794158935547
-172.49411010742188
-172.2911834716797
-171.72352600097656
-170.75
-168.62353515625
-168.50588989257812
-167.561767578125
-166.13235473632812
-169.04705810546875
-167.21176147460938
-167.9794158935547
-166.75881958007812
-166.75881958007812
-165.8882293701172
-166.80882263183594
-166.87353515625
-165.44705200195312
-165.6147003173828
-165.4823455810547
-166.62646484375
-165.39706420898438
-165.688232421875
-164.94117736816406
-165.45294189453125
-164.0294189453125
-165.27352905273438
-164.43528747558594
-163.1058807373047
-161.64706420898438
-161.26470947265625
-160.87353515625
-155.97500610351562
-159.2676544189453
-158.64117431640625
-158.5205841064453
-157.67352294921875
-157.96176147460938
-157.30587768554688
-156.92941284179688
-157.05587768554688
-155.9588165283203
-158.51470947265625
-159.15882873535156
-161.7176513671875
-162.15293884277344
-164.8617706298828
-164.41175842285156
-165.71470642089844
-165.89706420898438
-167.12646484375
-166.67352294921875
-168.15293884277344
-167.5941162109375
-167.35000610351562
-166.74705505371094
-166.6558837890625
-168.96470642089844
-169.12059020996094
-168.25
-169.12646484375
-168.43528747558594
-170.00881958007812
-169.52352905273438
-170.18235778808594
-169.9176483154297
-168.4823455810547
-168.7382354736328
-168.64117431640625
-168.75
-169.05882263183594
-170.5205841064453
-170.4058837890625
-170.75588989257812
-171.74705505371094
-174.89706420898438
-174.51470947265625
-173.88235473632812
-173.66175842285156
-173.1764678955078
-175.14999389648438
-174.84117126464844
-177.77352905273438
-176.1117706298828
-176.81764221191406
-177.78823852539062
-176.61764526367188
-176.39706420898438
-178.85882568359375
-172.6977996826172
-173.87362670898438
-174.1648406982422
-181.7778778076172
-181.91175842285156
-178.6731414794922
-178.4676513671875
-180.7503662109375
-181.8392791748047
-184.91175842285156
-185.0205841064453
-186.4882354736328
-185.08529663085938
-186.08578491210938
-181.4176483154297
-181.41470336914062
-182.5323486328125
-184.29705810546875
-186.62646484375
-180.83824157714844
-187.7294158935547
-180.67941284179688
-182.4882354736328
-182.2323455810547
-181.84117126464844
-184.97352600097656
-187.62646484375
-184.6764678955078
-178.5735321044922
-181.43528747558594
-177.0176544189453
-180.37059020996094
-176.52647399902344
-173.2705841064453
-183.97352600097656
-182.44117736816406
-179.41175842285156
-176.96176147460938
-176.27352905273438
-168.25
-176.40293884277344
-172.72352600097656
-172.1676483154297
-168.92059326171875
-151.87940979003906
-155.83824157714844
-153.4588165283203
-144.4058837890625
-136.0205841064453
-108.41071319580078
-127.92353057861328
-140.2255096435547
-128.71176147460938
-139.19412231445312
-110.08981323242188
-152.3313446044922
-150.5526123046875
-177.8351593017578
-166.2142791748047
-160.39117431640625
-186.25357055664062
-180.04396057128906
-181.92308044433594
-188.6892852783203
-181.61538696289062
-181.93406677246094
-182.4945068359375
-188.05714416503906
-181.23077392578125
-180.46153259277344
-181.42857360839844
-181.90109252929688
-181.90109252929688
-181.7912139892578
-185.96702575683594
-185.84616088867188
-187.97802734375
-187.37362670898438
-200.22647094726562
-199.53823852539062
-200.0117645263672
-199.26470947265625
-200.8441162109375
-200.82058715820312
-200.89999389648438
-199.35293579101562
-199.05882263183594
-199.47647094726562
-198.9823455810547
-199.19412231445312
-199.3235321044922
-199.05882263183594
-199.1382293701172
-198.1764678955078
-199.41175842285156
-198.4176483154297
-195.08213806152344
-200.73529052734375
-200.188232421875
-201.06764221191406
-201.8000030517578
-201.26470947265625
-200.85293579101562
-201.31764221191406
-202.97647094726562
-200.75881958007812
-200.0294189453125
-198.74705505371094
-199.10882568359375
-197.94117736816406
-197.45294189453125
-195.8323516845703
-194.72647094726562
-193.41175842285156
-192.92352294921875
-190.02352905273438
-189.3235321044922
-189.7088165283203
-189.7176513671875
-189.5323486328125
-189.5411834716797
-189.42352294921875
-188.6999969482422
-188.50588989257812
-188.62940979003906
-188.4499969482422
-187.8323516845703
-186.938232421875
-187.93528747558594
-187.2323455810547
-186.6441192626953
-187.7911834716797
-188.1058807373047
-187.32647705078125
-188.9705810546875
-188.13235473632812
-187.33529663085938
-187.0
-186.9558868408203
-187.25
-187.2058868408203
-185.75
-185.4558868408203
-183.62353515625
-184.43235778808594
-182.80587768554688
-183.37646484375
-182.74705505371094
-181.84706115722656
-181.24411010742188
-181.19117736816406
-181.6147003173828
-181.9882354736328
-181.2705841064453
-182.1999969482422
-181.2294158935547
-182.23529052734375
-181.42352294921875
-180.79705810546875
-180.5823516845703
-179.41175842285156
-180.23529052734375
-180.98529052734375
-182.12940979003906
-184.53529357910156
-181.78823852539062
-182.9558868408203
-183.938232421875
-178.83570861816406
-177.83570861816406
-182.71176147460938
-182.0735321044922
-181.3882293701172
-181.36764526367188
-181.10882568359375
-180.25
-179.40882873535156
-179.0
-177.5941162109375
-175.83529663085938
-174.60882568359375
-176.05294799804688
-173.3647003173828
-173.60882568359375
-173.82647705078125
-173.438232421875
-172.35000610351562
-172.33529663085938
-169.86764526367188
-169.94412231445312
-170.98529052734375
-171.07058715820312
-170.59706115722656
-170.37646484375
-164.6571502685547
-163.4678497314453
-153.5851593017578
-170.25588989257812
-156.4835205078125
-163.3285675048828
-156.35165405273438
-166.74118041992188
-165.9058837890625
-165.89706420898438
-167.17059326171875
-166.62940979003906
-165.8441162109375
-160.48214721679688
-166.46176147460938
-165.67059326171875
-167.24411010742188
-166.72352600097656
-166.87353515625
-161.7821502685547
-167.5941162109375
-166.9823455810547
-164.6676483154297
-168.97647094726562
-167.2705841064453
-167.37646484375
-164.811767578125
-167.69705200195312
-168.3617706298828
-168.04705810546875
-153.26071166992188
-167.03797912597656
-164.66470336914062
-148.12637329101562
-135.2967071533203
-153.60165405273438
-121.91785430908203
-119.81753540039062
-156.1813201904297
-136.3186798095703
-161.6703338623047
-138.1857147216797
-135.95294189453125
-168.5357208251953
-157.58213806152344
-171.596435546875
-174.9264678955078
-175.0823516845703
-179.25588989257812
-173.30882263183594
-177.82647705078125
-169.60882568359375
-164.3441162109375
-176.91470336914062
-180.91175842285156
-183.97352600097656
-182.87646484375
-178.94642639160156
-179.51785278320312
-184.061767578125
-180.3428497314453
-185.44705200195312
-186.1352996826172
-175.14285278320312
-187.30882263183594
-187.19705200195312
-188.5117645263672
-188.62940979003906
-183.5357208251953
-183.2142791748047
-187.20726013183594
-182.4357147216797
-183.2642822265625
-183.63571166992188
-188.1676483154297
-189.9499969482422
-190.53529357910156
-189.94412231445312
-190.0117645263672
-183.76785278320312
-184.14642333984375
-189.2823486328125
-189.0294189453125
-189.05882263183594
-189.1558837890625
-188.5117645263672
-189.03529357910156
-189.3441162109375
-189.938232421875
-189.69705200195312
-190.10293579101562
-189.91470336914062
-190.5323486328125
-189.7941131591797
-189.2823486328125
-187.63235473632812
-187.8558807373047
-188.7823486328125
-188.86764526367188
-188.90293884277344
-189.0294189453125
-190.00294494628906
-190.0176544189453
-189.07940673828125
-189.12353515625
-189.81764221191406
-189.16175842285156
-188.188232421875
-187.2205810546875
-186.44705200195312
-187.50588989257812
-186.61764526367188
-186.3941192626953
-187.37059020996094
-187.21470642089844
-187.1764678955078
-187.2382354736328
-186.4676513671875
-186.2794189453125
-187.16175842285156
-185.94117736816406
-185.93528747558594
-185.99705505371094
-186.1058807373047
-187.40882873535156
-186.55587768554688
-186.99411010742188
-186.87059020996094
-186.41175842285156
-186.69412231445312
-189.0941162109375
-189.3852996826172
-189.10293579101562
-188.57647705078125
-188.9588165283203
-190.0411834716797
-191.10882568359375
-191.3647003173828
-191.24411010742188
-192.9058837890625
-193.39999389648438
-195.03529357910156
-195.72352600097656
-196.53823852539062
-196.33824157714844
-197.0500030517578
-196.84117126464844
-197.07940673828125
-197.77647399902344
-197.9794158935547
-199.79705810546875
-199.3941192626953
-200.19705200195312
-200.83529663085938
-202.37059020996094
-202.07647705078125
-202.64999389648438
-203.25
-204.2176513671875
-204.0176544189453
-201.7088165283203
-201.32940673828125
-199.35000610351562
-198.25881958007812
-197.73529052734375
-195.63235473632812
-195.5323486328125
-194.25
-193.08824157714844
-193.47647094726562
-192.28529357910156
-192.64117431640625
-190.94705200195312
-192.4823455810547
-192.60000610351562
-192.9588165283203
-191.59117126464844
-191.24705505371094
-191.1352996826172
-191.06471252441406
-191.1352996826172
-191.27647399902344
-190.55294799804688
-190.69705200195312
-191.14706420898438
-191.2176513671875
-190.3882293701172
-190.6352996826172
-190.83529663085938
-191.31471252441406
-192.0323486328125
-192.1999969482422
-192.8323516845703
-193.93528747558594
-194.69705200195312
-194.4823455810547
-195.6441192626953
-192.6764678955078
-192.85293579101562
-192.07940673828125
-192.84706115722656
-191.0
-190.74118041992188
-188.34706115722656
-186.9176483154297
-185.94117736816406
-184.9705810546875
-185.10293579101562
-185.21470642089844
-182.4794158935547
-181.87646484375
-181.64117431640625
-180.7941131591797
-180.24705505371094
-178.97352600097656
-178.7617645263672
-179.04705810546875
-177.5823516845703
-179.7705841064453
-178.89706420898438
-178.80587768554688
-179.89999389648438
-178.89706420898438
-180.08529663085938
-182.00881958007812
-181.14999389648438
-181.75294494628906
-181.87940979003906
-184.1352996826172
-180.2911834716797
-181.79705810546875
-184.10293579101562
-183.25294494628906
-181.1999969482422
-179.971435546875
-178.85357666015625
-184.82940673828125
-184.52647399902344
-184.79705810546875
-184.92941284179688
-183.65293884277344
-182.67941284179688
-182.061767578125
-182.0500030517578
-183.60293579101562
-181.50294494628906
-180.65293884277344
-180.8882293701172
-179.68528747558594
-179.76470947265625
-180.1147003173828
-178.71470642089844
-178.22647094726562
-178.37646484375
-178.3852996826172
-177.89999389648438
-178.08824157714844
-176.08529663085938
-175.061767578125
-175.16470336914062
-174.55882263183594
-175.1764678955078
-174.69412231445312
-174.46470642089844
-176.16470336914062
-177.0373077392578
-174.40293884277344
-175.00588989257812
-173.1147003173828
-174.94412231445312
-174.80294799804688
-174.74411010742188
-174.80587768554688
-173.92059326171875
-171.05294799804688
-171.4499969482422
-171.4794158935547
-170.34117126464844
-168.7088165283203
-168.7941131591797
-166.87940979003906
-166.58824157714844
-164.77352905273438
-165.7346954345703
-164.0171661376953
-164.35882568359375
-166.44705200195312
-165.811767578125
-166.03823852539062
-166.1441192626953
-167.4794158935547
-166.56764221191406
-166.5441131591797
-164.7823486328125
-164.30587768554688
-164.0294189453125
-161.8941192626953
-163.32058715820312
-162.42059326171875
-162.21176147460938
-160.6382293701172
-160.99411010742188
-161.41175842285156
-160.9588165283203
-160.62940979003906
-158.97647094726562
-159.37353515625
-159.0294189453125
-157.9058837890625
-157.60882568359375
-156.93528747558594
-157.89999389648438
-158.12059020996094
-158.41175842285156
-159.2058868408203
-160.19705200195312
-159.5294189453125
-159.9882354736328
-162.25
-164.9058837890625
-167.53823852539062
-166.11764526367188
-169.25881958007812
-169.42941284179688
-170.7941131591797
-170.0205841064453
-171.41470336914062
-172.0323486328125
-171.74118041992188
-171.5411834716797
-171.3558807373047
-172.561767578125
-171.8000030517578
-172.3852996826172
-172.2794189453125
-171.7705841064453
-171.8882293701172
-172.1676483154297
-172.45294189453125
-171.96470642089844
-171.7911834716797
-171.86764526367188
-173.311767578125
-172.14706420898438
-172.06471252441406
-171.5941162109375
-171.56764221191406
-171.50294494628906
-171.32058715820312
-172.1676483154297
-172.07940673828125
-172.7323455810547
-172.38235473632812
-171.86764526367188
-171.8441162109375
-172.438232421875
-172.52352905273438
-173.91175842285156
-174.32940673828125
-174.83824157714844
-174.3852996826172
-174.9676513671875
-175.3558807373047
-175.89999389648438
-176.34117126464844
-176.5205841064453
-176.2911834716797
-176.58529663085938
-177.49705505371094
-177.82058715820312
-178.22352600097656
-179.24705505371094
-179.29705810546875
-179.31471252441406
-180.2205810546875
-179.32940673828125
-180.05294799804688
-179.9558868408203
-180.30587768554688
-180.15293884277344
-180.44705200195312
-179.938232421875
-180.561767578125
-179.37059020996094
-179.6058807373047
-179.79705810546875
-180.35000610351562
-180.2205810546875
-179.47352600097656
-179.21176147460938
-178.97647094726562
-179.41470336914062
-180.03823852539062
-178.05587768554688
-177.58529663085938
-178.91175842285156
-179.95294189453125
-179.79705810546875
-179.21470642089844
-179.80294799804688
-181.08529663085938
-181.3441162109375
-177.2035675048828
-178.39285278320312
-177.9214324951172
-182.43235778808594
-183.09706115722656
-183.77647399902344
-183.84117126464844
-182.46176147460938
-182.59706115722656
-183.30587768554688
-183.59706115722656
-183.5500030517578
-183.82940673828125
-185.42941284179688
-184.1999969482422
-185.61764526367188
-185.24118041992188
-183.99705505371094
-184.85293579101562
-184.0941162109375
-184.65293884277344
-184.5441131591797
-184.5117645263672
-184.54705810546875
-185.25
-184.2176513671875
-185.21176147460938
-184.07940673828125
-185.2941131591797
-185.64117431640625
-185.81764221191406
-187.1382293701172
-188.19412231445312
-188.00881958007812
-189.07058715820312
-188.9823455810547
-190.938232421875
-190.81471252441406
-191.10293579101562
-191.53529357910156
-191.60293579101562
-192.97352600097656
-193.08529663085938
-193.78529357910156
-193.63235473632812
-194.67059326171875
-195.32647705078125
-195.15293884277344
-194.6558837890625
-194.84117126464844
-196.0
-196.95294189453125
-197.14117431640625
-197.24118041992188
-197.62353515625
-197.80882263183594
-198.1999969482422
-198.60000610351562
-198.92059326171875
-198.72352600097656
-199.5735321044922
-200.14117431640625
-199.83824157714844
-200.49705505371094
-200.75
-200.46470642089844
-201.23529052734375
-200.4264678955078
-200.3941192626953
-199.65882873535156
-198.92941284179688
-198.97352600097656
-196.7705841064453
-195.6382293701172
-195.61764526367188
-194.2294158935547
-193.76470947265625
-193.45294189453125
-192.39117431640625
-192.2088165283203
-190.72647094726562
-189.37353515625
-189.80294799804688
-189.438232421875
-188.68528747558594
-189.25588989257812
-188.1676483154297
-187.2323455810547
-187.22352600097656
-187.71470642089844
-187.47647094726562
-187.91470336914062
-186.67059326171875
-186.75881958007812
-187.49705505371094
-187.74118041992188
-187.2676544189453
-187.0176544189453
-186.6382293701172
-185.94412231445312
-184.75881958007812
-185.1764678955078
-185.56764221191406
-185.43235778808594
-184.87353515625
-184.97352600097656
-185.17941284179688
-184.95294189453125
-184.3617706298828
-184.8323516845703
-184.7823486328125
-184.92941284179688
-184.8882293701172
-184.22647094726562
-184.35882568359375
-184.11764526367188
-183.72647094726562
-184.24118041992188
-184.7823486328125
-184.09706115722656
-183.92941284179688
-183.62940979003906
-183.72352600097656
-182.0500030517578
-182.55882263183594
-183.27352905273438
-183.00881958007812
-182.1999969482422
-182.43235778808594
-181.84117126464844
-182.1441192626953
-181.2794189453125
-181.7176513671875
-181.7088165283203
-181.56471252441406
-181.67352294921875
-181.93235778808594
-182.9058837890625
-183.0176544189453
-182.7941131591797
-181.90293884277344
-182.0411834716797
-181.99118041992188
-182.19705200195312
-181.72352600097656
-182.75294494628906
-183.4705810546875
-183.1441192626953
-183.37646484375
-183.44412231445312
-183.48529052734375
-183.62353515625
-183.69412231445312
-183.4176483154297
-183.1058807373047
-181.87353515625
-182.28529357910156
-182.5117645263672
-182.3941192626953
-181.37353515625
-180.1352996826172
-179.3941192626953
-179.4705810546875
-179.11764526367188
-179.17352294921875
-178.94117736816406
-179.12059020996094
-179.16175842285156
-177.7205810546875
-176.90293884277344
-176.25588989257812
-174.1382293701172
-174.7911834716797
-175.09117126464844
-173.0441131591797
-173.05587768554688
-171.7911834716797
-171.0500030517578
-171.27647399902344
-171.2382354736328
-171.89706420898438
-170.53823852539062
-170.55294799804688
-170.39117431640625
-169.8323516845703
-169.0176544189453
-169.05882263183594
-169.87059020996094
-170.3882293701172
-170.5823516845703
-169.45294189453125
-169.3941192626953
-167.8323516845703
-168.14117431640625
-168.0941162109375
-168.3617706298828
-166.25294494628906
-167.5500030517578
-167.4882354736328
-166.70294189453125
-166.90293884277344
-166.69117736816406
-165.71470642089844
-164.5441131591797
-165.1441192626953
-164.8617706298828
-165.10293579101562
-165.1441192626953
-163.96470642089844
-164.3941192626953
-164.7205810546875
-164.67352294921875
-162.10000610351562
-163.3617706298828
-162.57940673828125
-162.58824157714844
-162.39999389648438
-163.87940979003906
-162.35000610351562
-162.29705810546875
-159.36764526367188
-160.24118041992188
-159.57647705078125
-158.7911834716797
-159.4499969482422
-159.05587768554688
-157.7176513671875
-158.92352294921875
-159.12353515625
-160.30587768554688
-162.14999389648438
-162.1676483154297
-165.22647094726562
-164.97647094726562
-164.42941284179688
-165.72647094726562
-166.4058837890625
-166.688232421875
-169.25
-168.92352294921875
-168.14999389648438
-168.12353515625
-167.2058868408203
-169.00294494628906
-168.46470642089844
-168.87940979003906
-169.16175842285156
-169.2382354736328
-169.48529052734375
-168.5441131591797
-168.42941284179688
-169.0323486328125
-169.9882354736328
-169.25
-169.46470642089844
-170.5735321044922
-171.2617645263672
-170.98529052734375
-170.85000610351562
-171.5441131591797
-170.89706420898438
-170.1999969482422
-170.0
-170.65882873535156
-170.7911834716797
-170.4499969482422
-170.4676513671875
-171.3852996826172
-171.0176544189453
-170.34706115722656
-171.2794189453125
-170.2294158935547
-171.3852996826172
-171.14999389648438
-169.7823486328125
-170.7382354736328
-170.91470336914062
-171.23529052734375
-171.9705810546875
-171.08529663085938
-170.19412231445312
-171.40882873535156
-171.3235321044922
-171.4676513671875
-170.9676513671875
-171.3647003173828
-170.67352294921875
-170.83824157714844
-170.8617706298828
-170.54705810546875
-170.5500030517578
-170.2794189453125
-170.92941284179688
-170.37059020996094
-170.37353515625
-170.2382354736328
-170.75
-171.12353515625
-170.4705810546875
-170.7088165283203
-171.3617706298828
-171.28529357910156
-170.4499969482422
-170.99411010742188
-171.3000030517578
-171.27352905273438
-170.8941192626953
-171.34706115722656
-170.85293579101562
-170.4794158935547
-170.81764221191406
-170.93528747558594
-170.53823852539062
-170.90882873535156
-170.4058837890625
-172.4676513671875
-172.7617645263672
-172.18235778808594
-172.69412231445312
-172.1558837890625
-173.02647399902344
-172.75588989257812
-174.47647094726562
-174.07647705078125
-174.22647094726562
-174.6117706298828
-174.7205810546875
-174.71176147460938
-174.17352294921875
-174.83824157714844
-175.05294799804688
-174.93528747558594
-175.7794189453125
-176.06471252441406
-176.561767578125
-176.34117126464844
-178.561767578125
-178.78823852539062
-178.4705810546875
-178.50588989257812
-179.28823852539062
-179.92941284179688
-179.9558868408203
-179.37353515625
-179.7941131591797
-180.01470947265625
-181.5294189453125
-181.5411834716797
-181.11764526367188
-182.06764221191406
-182.94117736816406
-182.37646484375
-182.0323486328125
-181.4558868408203
-182.68528747558594
-182.71176147460938
-182.40882873535156
-183.37940979003906
-183.91175842285156
-184.2323455810547
-184.9705810546875
-184.64999389648438
-184.37646484375
-185.55587768554688
-185.83529663085938
-186.25
-187.061767578125
-187.07940673828125
-186.06764221191406
-186.5411834716797
-188.08824157714844
-187.71176147460938
-187.8323516845703
-188.2823486328125
-188.7941131591797
-190.5294189453125
-189.05882263183594
-188.92059326171875
-189.2941131591797
-189.2323455810547
-189.31764221191406
-188.94705200195312
-189.1382293701172
-189.19705200195312
-188.938232421875
-188.9058837890625
-188.9676513671875
-189.67352294921875
-190.07647705078125
-189.50588989257812
-189.7823486328125
-189.9676513671875
-189.4823455810547
-190.08824157714844
-189.87059020996094
-189.75588989257812
-189.7088165283203
-190.09117126464844
-191.00588989257812
-190.96470642089844
-190.67352294921875
-189.62059020996094
-190.34117126464844
-190.92352294921875
-190.8558807373047
-189.9794158935547
-190.5500030517578
-191.60293579101562
-191.56471252441406
-192.15293884277344
-192.36764526367188
-194.0
-194.24705505371094
-193.54705810546875
-193.6058807373047
-194.48529052734375
-193.9499969482422
-194.85293579101562
-194.3441162109375
-196.10000610351562
-196.6058807373047
-196.56471252441406
-197.41470336914062
-197.71176147460938
-198.2794189453125
-198.8441162109375
-199.3882293701172
-198.5205841064453
-198.60293579101562
-199.10882568359375
-199.5205841064453
-200.561767578125
-200.05587768554688
-200.1117706298828
-200.49118041992188
-200.6676483154297
-200.89999389648438
-201.00294494628906
-200.75294494628906
-199.3000030517578
-198.81471252441406
-198.06764221191406
-196.5294189453125
-195.09706115722656
-194.25588989257812
-192.78529357910156
-192.7176513671875
-192.0323486328125
-191.24411010742188
-174.48529052734375
-190.77647399902344
-189.49118041992188
-189.71176147460938
-189.36764526367188
-189.34117126464844
-188.30587768554688
-187.99118041992188
-187.1147003173828
-187.2794189453125
-187.5500030517578
-187.09706115722656
-187.9058837890625
-187.05294799804688
-187.5176544189453
-187.37059020996094
-187.31764221191406
-187.5176544189453
-187.79705810546875
-187.95294189453125
-188.10882568359375
-188.05882263183594
-187.84117126464844
-187.89999389648438
-187.9794158935547
-188.27352905273438
-187.83824157714844
-188.938232421875
-188.0294189453125
-187.64999389648438
-188.3000030517578
-188.33824157714844
-187.97647094726562
-188.05587768554688
-187.81471252441406
-188.4794158935547
-188.39706420898438
-189.02647399902344
-189.19412231445312
-189.30587768554688
-189.0
-188.94117736816406
-189.78529357910156
-190.3235321044922
-189.19705200195312
-190.10000610351562
-188.7676544189453
-189.9705810546875
-189.39999389648438
-189.6999969482422
-190.0823516845703
-189.74411010742188
-190.00881958007812
-190.62353515625
-188.6382293701172
-189.3617706298828
-189.21176147460938
-188.62353515625
-188.7323455810547
-188.81764221191406
-188.42941284179688
-188.7382354736328
-187.7794189453125
-188.00294494628906
-188.24118041992188
-187.65293884277344
-187.64999389648438
-187.94412231445312
-188.06471252441406
-186.6999969482422
-187.30587768554688
-187.6352996826172
-187.7205810546875
-186.6558837890625
-187.21176147460938
-186.9794158935547
-186.07647705078125
-186.81471252441406
-186.39117431640625
-187.1441192626953
-186.7676544189453
-187.2676544189453
-187.0823516845703
-185.74118041992188
-186.30294799804688
-185.311767578125
-185.20294189453125
-185.188232421875
-186.57647705078125
-184.69117736816406
-183.77352905273438
-183.62059020996094
-182.2205810546875
-183.2617645263672
-182.75
-182.1382293701172
-181.97647094726562
-181.62059020996094
-181.57647705078125
-181.14117431640625
-181.0176544189453
-180.78529357910156
-180.42941284179688
-180.65882873535156
-180.35293579101562
-179.99705505371094
-178.93235778808594
-179.22647094726562
-177.67941284179688
-177.57058715820312
-178.47352600097656
-178.5735321044922
-177.2705841064453
-176.9264678955078
-175.9264678955078
-175.2205810546875
-175.16175842285156
-175.7058868408203
-175.79705810546875
-174.8235321044922
-174.58529663085938
-174.55587768554688
-174.0294189453125
-173.92059326171875
-172.24118041992188
-171.38235473632812
-171.19412231445312
-170.87646484375
-170.188232421875
-171.05587768554688
-170.6117706298828
-170.66470336914062
-170.00294494628906
-168.75
-168.69117736816406
-168.7205810546875
-168.62646484375
-168.7058868408203
-168.1382293701172
-167.75
-167.85293579101562
-167.81471252441406
-167.30882263183594
-167.3617706298828
-166.19412231445312
-166.74705505371094
-165.94412231445312
-165.87353515625
-164.89706420898438
-164.9676513671875
-163.81471252441406
-163.86764526367188
-163.2911834716797
-162.7058868408203
-162.7823486328125
-163.10000610351562
-163.00588989257812
-163.28823852539062
-162.95294189453125
-162.62646484375
-162.99705505371094
-163.0735321044922
-163.30294799804688
-163.62940979003906
-163.4499969482422
-162.50294494628906
-162.2205810546875
-162.06764221191406
-162.1764678955078
-161.2323455810547
-161.92941284179688
-161.7794189453125
-161.75294494628906
-161.0411834716797
-159.7676544189453
-159.6558837890625
-160.74411010742188
-160.6382293701172
-160.21176147460938
-160.17352294921875
-159.1441192626953
-159.98529052734375
-160.07058715820312
-161.00294494628906
-161.5294189453125
-161.3647003173828
-161.27647399902344
-162.18235778808594
-162.15293884277344
-162.03529357910156
-161.81471252441406
-161.95294189453125
-162.03529357910156
-162.43528747558594
-162.12059020996094
-162.2176513671875
-161.87646484375
-161.93235778808594
-161.5941162109375
-161.04705810546875
-160.57647705078125
-160.3558807373047
-159.75881958007812
-158.87059020996094
-159.4676513671875
-159.4794158935547
-158.9499969482422
-158.71470642089844
-159.45294189453125
-158.5941162109375
-159.24411010742188
-160.18235778808594
-161.09706115722656
-162.5735321044922
-161.81764221191406
-163.9705810546875
-165.23529052734375
-166.5205841064453
-166.76470947265625
-167.69412231445312
-167.59117126464844
-169.2205810546875
-169.0205841064453
-170.41470336914062
-170.37646484375
-170.78823852539062
-170.90293884277344
-170.99411010742188
-171.43528747558594
-171.5
-171.4676513671875
-171.69412231445312
-172.24118041992188
-172.31764221191406
-171.45294189453125
-172.47647094726562
-172.0411834716797
-172.69705200195312
-173.50294494628906
-173.5941162109375
-173.34117126464844
-174.26470947265625
-173.54705810546875
-173.62353515625
-172.49705505371094
-173.561767578125
-173.5941162109375
-173.22647094726562
-173.25294494628906
-173.34706115722656
-174.5411834716797
-174.2323455810547
-174.69412231445312
-175.41470336914062
-175.9705810546875
-175.96176147460938
-175.53823852539062
-175.89999389648438
-177.0294189453125
-176.94117736816406
-177.2941131591797
-177.8323516845703
-177.34117126464844
-177.7794189453125
-177.17059326171875
-176.97647094726562
-177.75588989257812
-178.62353515625
-178.03823852539062
-178.79705810546875
-178.6147003173828
-179.0205841064453
-179.10000610351562
-179.39117431640625
-179.0411834716797
-178.938232421875
-178.89706420898438
-178.75588989257812
-178.97352600097656
-179.35293579101562
-179.8852996826172
-179.6441192626953
-179.46470642089844
-179.40293884277344
-179.56471252441406
-179.39706420898438
-180.46470642089844
-180.44412231445312
-180.50294494628906
-180.57940673828125
-180.4794158935547
-181.22352600097656
-181.7617645263672
-182.05882263183594
-182.52647399902344
-182.75294494628906
-183.68528747558594
-183.80587768554688
-184.97352600097656
-185.4264678955078
-185.84706115722656
-185.6117706298828
-186.52352905273438
-185.94412231445312
-186.1441192626953
-184.89706420898438
-185.5176544189453
-185.7294158935547
-185.68235778808594
-185.46176147460938
-186.0411834716797
-185.59117126464844
-184.78529357910156
-184.0941162109375
-185.061767578125
-185.53823852539062
-184.90882873535156
-184.16470336914062
-183.4676513671875
-184.188232421875
-185.65293884277344
-184.3882293701172
-184.7823486328125
-185.87940979003906
-185.69705200195312
-185.38235473632812
-185.6058807373047
-185.49705505371094
-186.0411834716797
-186.5941162109375
-186.70294189453125
-186.50881958007812
-186.80294799804688
-186.3000030517578
-185.77647399902344
-186.62059020996094
-186.55587768554688
-186.7941131591797
-186.40882873535156
-186.5500030517578
-186.4264678955078
-186.99705505371094
-187.05882263183594
-188.25881958007812
-189.1764678955078
-188.6147003173828
-189.2176513671875
-190.92352294921875
-190.91470336914062
-190.5176544189453
-190.30882263183594
-190.6058807373047
-191.17059326171875
-191.87940979003906
-191.9676513671875
-192.8882293701172
-193.1117706298828
-193.58824157714844
-193.7941131591797
-194.69117736816406
-194.63235473632812
-194.80882263183594
-195.75588989257812
-196.32647705078125
-196.53529357910156
-196.8647003173828
-197.4058837890625
-197.51470947265625
-198.7088165283203
-199.2705841064453
-200.30587768554688
-200.92352294921875
-202.06764221191406
-202.9794158935547
-203.27352905273438
-204.25294494628906
-203.91175842285156
-203.4558868408203
-202.71470642089844
-202.78529357910156
-201.71470642089844
-200.79705810546875
-201.67059326171875
-198.688232421875
-198.438232421875
-196.97647094726562
-196.188232421875
-194.56764221191406
-193.8882293701172
-192.83529663085938
-193.37059020996094
-192.25588989257812
-191.4588165283203
-190.57058715820312
-190.1352996826172
-191.7617645263672
-191.7823486328125
-190.6382293701172
-189.811767578125
-189.18235778808594
-189.00294494628906
-189.62940979003906
-190.2676544189453
-189.68235778808594
-189.50881958007812
-187.8441162109375
-186.75588989257812
-186.9558868408203
-185.24118041992188
-184.87059020996094
-183.17352294921875
-182.18528747558594
-181.89999389648438
-180.82940673828125
-180.44412231445312
-180.24705505371094
-179.13235473632812
-179.15882873535156
-178.75
-178.74118041992188
-178.49118041992188
-178.0941162109375
-177.74411010742188
-177.7323455810547
-177.6558837890625
-178.33824157714844
-178.3235321044922
-178.33824157714844
-177.15293884277344
-176.07647705078125
-174.9676513671875
-175.3441162109375
-175.67941284179688
-175.5294189453125
-174.55882263183594
-175.11764526367188
-174.1764678955078
-174.44117736816406
-174.2676544189453
-175.52352905273438
-174.48529052734375
-175.0441131591797
-175.3558807373047
-175.61764526367188
-176.69705200195312
-175.64999389648438
-176.50294494628906
-176.4676513671875
-176.28529357910156
-175.87940979003906
-175.99411010742188
-176.25
-176.21470642089844
-175.69412231445312
-175.14117431640625
-175.2205810546875
-175.05587768554688
-174.81764221191406
-174.1352996826172
-174.6764678955078
-174.42059326171875
-174.8852996826172
-173.41175842285156
-174.2794189453125
-174.58529663085938
-174.52647399902344
-174.55294799804688
-173.72352600097656
-173.80882263183594
-173.90293884277344
-173.22647094726562
-173.65293884277344
-172.8323516845703
-173.14706420898438
-173.65882873535156
-174.53823852539062
-173.24705505371094
-173.96176147460938
-173.35000610351562
-174.12353515625
-172.30294799804688
-173.8323516845703
-174.07647705078125
-173.5117645263672
-173.52352905273438
-172.5176544189453
-172.56764221191406
-172.5941162109375
-173.12353515625
-172.3441162109375
-171.40882873535156
-165.72857666015625
-172.18528747558594
-171.17352294921875
-173.4794158935547
-171.11764526367188
-171.46176147460938
-171.37059020996094
-170.37646484375
-169.5441131591797
-168.45294189453125
-168.8558807373047
-167.90293884277344
-168.72647094726562
-168.5260009765625
-168.45159912109375
-168.47789001464844
-168.65261840820312
-157.39559936523438
-158.12088012695312
-156.53846740722656
-150.11264038085938
-166.94216918945312
-156.1648406982422
-166.2676544189453
-166.2911834716797
-167.81764221191406
-168.11764526367188
-169.20294189453125
-170.82940673828125
-169.51470947265625
-169.75294494628906
-169.9882354736328
-171.7058868408203
-170.9676513671875
-169.8617706298828
-168.83824157714844
-168.49705505371094
-168.05882263183594
-167.56764221191406
-166.4264678955078
-166.0323486328125
-166.25294494628906
-165.32940673828125
-165.39117431640625
-163.94412231445312
-163.99705505371094
-163.25588989257812
-163.59117126464844
-163.7705841064453
-163.69117736816406
-163.74705505371094
-163.55587768554688
-163.39117431640625
-163.99411010742188
-162.39117431640625
-161.8647003173828
-162.40882873535156
-163.47352600097656
-163.02352905273438
-163.50881958007812
-163.55587768554688
-163.57940673828125
-165.04705810546875
-166.7794189453125
-165.9794158935547
-165.6764678955078
-166.32647705078125
-167.98529052734375
-167.3941192626953
-167.00881958007812
-166.67059326171875
-167.2323455810547
-168.05294799804688
-168.8617706298828
-168.39706420898438
-169.25294494628906
-169.5441131591797
-170.46176147460938
-169.8558807373047
-171.1058807373047
-171.77647399902344
-171.40293884277344
-171.61764526367188
-171.811767578125
-171.9676513671875
-172.35293579101562
-171.99118041992188
-172.07647705078125
-172.21176147460938
-172.51470947265625
-171.92941284179688
-170.57940673828125
-171.07058715820312
-170.39999389648438
-170.39999389648438
-170.08824157714844
-170.4588165283203
-171.02352905273438
-170.94412231445312
-170.7176513671875
-170.7823486328125
-170.7550048828125
-170.82058715820312
-171.25294494628906
-171.37353515625
-170.1382293701172
-170.7294158935547
-170.05882263183594
-164.48214721679688
-171.14117431640625
-170.87059020996094
-166.5785675048828
-166.5928497314453
-173.67059326171875
-172.61764526367188
-173.9558868408203
-172.53823852539062
-172.9264678955078
-172.17059326171875
-174.04705810546875
-174.12353515625
-172.2705841064453
-172.45294189453125
-174.06764221191406
-173.53529357910156
-174.75294494628906
-173.3441162109375
-173.38235473632812
-171.9882354736328
-176.33529663085938
-175.82940673828125
-177.40882873535156
-178.67941284179688
-178.76470947265625
-180.75294494628906
-181.3941192626953
-181.0941162109375
-179.6764678955078
-179.0823516845703
-179.08824157714844
-177.8852996826172
-179.23529052734375
-179.0323486328125
-178.55587768554688
-178.72352600097656
-178.93235778808594
-178.7176513671875
-179.7058868408203
-178.37059020996094
-178.13235473632812
-178.46176147460938
-178.5
-177.65293884277344
-178.311767578125
-178.18235778808594
-177.57058715820312
-177.74411010742188
-177.60293579101562
-178.87353515625
-177.5941162109375
-177.5941162109375
-178.40882873535156
-179.17941284179688
-179.34117126464844
-179.5500030517578
-180.39706420898438
-180.09706115722656
-180.96470642089844
-181.7088165283203
-181.35882568359375
-183.7058868408203
-182.40882873535156
-182.2676544189453
-182.59706115722656
-184.2294158935547
-184.75
-184.80294799804688
-183.51470947265625
-183.7058868408203
-184.97647094726562
-187.16175842285156
-187.5941162109375
-186.25
-186.7676544189453
-186.1441192626953
-187.2323455810547
-187.17059326171875
-186.75588989257812
-186.12940979003906
-183.78529357910156
-183.7176513671875
-183.92059326171875
-185.57058715820312
-186.5441131591797
-183.42059326171875
-182.94117736816406
-181.67352294921875
-181.8441162109375
-183.5176544189453
-183.84117126464844
-182.36764526367188
-186.3000030517578
-186.5735321044922
-187.9794158935547
-184.73529052734375
-184.21470642089844
-186.94117736816406
-185.35293579101562
-186.938232421875
-187.2088165283203
-185.80587768554688
-184.58529663085938
-184.8647003173828
-186.41470336914062
-183.2823486328125
-184.2941131591797
-183.93528747558594
-187.41470336914062
-180.7382354736328
-176.80294799804688
-182.57940673828125
-189.28529357910156
-188.87646484375
-181.34117126464844
-185.23529052734375
-170.438232421875
-192.83824157714844
-154.85882568359375
-153.02352905273438
-121.57353210449219
-193.92941284179688
-162.9264678955078
-195.2911834716797
-152.9890899658203
-197.2823486328125
-198.92941284179688
-201.82058715820312
-205.67352294921875
-201.58213806152344
-202.7821502685547
-204.82142639160156
-210.1558837890625
-209.37059020996094
-209.68235778808594
-209.9676513671875
-211.99118041992188
-210.3617706298828
-209.1558837890625
-209.31764221191406
-207.81764221191406
-205.8235321044922
-205.49705505371094
-204.42941284179688
-204.47352600097656
-203.45294189453125
-202.14706420898438
-201.82940673828125
-195.77352905273438
-195.60882568359375
-197.23529052734375
-194.2617645263672
-192.82940673828125
-192.47352600097656
-191.0205841064453
-193.16470336914062
-189.53529357910156
-191.43235778808594
-193.00881958007812
-190.2205810546875
-188.01470947265625
-187.27647399902344
-185.27647399902344
-182.1441192626953
-182.5323486328125
-182.2088165283203
-182.89117431640625
-182.45294189453125
-182.6558837890625
-178.40293884277344
-180.12940979003906
-180.37646484375
-179.8323516845703
-179.85882568359375
-180.07058715820312
-179.87646484375
-180.16470336914062
-180.25881958007812
-178.938232421875
-183.1058807373047
-178.8852996826172
-180.04705810546875
-182.55294799804688
-181.1764678955078
-181.67059326171875
-181.6441192626953
-183.8235321044922
-179.79705810546875
-182.72647094726562
-177.62353515625
-182.7617645263672
-183.18528747558594
-179.30294799804688
-182.9823455810547
-184.2705841064453
-181.28529357910156
-182.07647705078125
-182.60882568359375
-179.75294494628906
-180.4794158935547
-181.94117736816406
-180.44117736816406
-182.31471252441406
-181.57647705078125
-184.07940673828125
-179.3617706298828
-180.9058837890625
-186.35882568359375
-181.9705810546875
-189.09117126464844
-185.93235778808594
-186.11764526367188
-182.43528747558594
-186.07058715820312
-183.82940673828125
-188.64706420898438
-181.4588165283203
-189.68528747558594
-188.59117126464844
-188.2294158935547
-190.12646484375
-188.3852996826172
-186.60000610351562
-185.25
-186.26470947265625
-185.1147003173828
-184.4558868408203
-189.15293884277344
-185.1147003173828
-186.3941192626953
-185.26470947265625
-189.27352905273438
-184.938232421875
-187.2382354736328
-183.16470336914062
-182.97352600097656
-183.82058715820312
-187.76470947265625
-180.0205841064453
-179.72647094726562
-183.75294494628906
-180.3000030517578
-182.4882354736328
-181.00294494628906
-179.75588989257812
-179.09117126464844
-184.40882873535156
-183.9823455810547
-183.9058837890625
-184.91470336914062
-183.96470642089844
-185.23529052734375
-183.17352294921875
-181.92941284179688
-180.71176147460938
-180.55587768554688
-182.82940673828125
-179.9588165283203
-182.25588989257812
-182.64706420898438
-179.75881958007812
-181.22352600097656
-181.9588165283203
-184.29705810546875
-183.19705200195312
-181.0294189453125
-179.75588989257812
-183.0500030517578
-183.57647705078125
-179.87353515625
-184.25294494628906
-179.6999969482422
-184.89117431640625
-182.91470336914062
-183.46176147460938
-187.21176147460938
-182.85293579101562
-179.9882354736328
-179.8617706298828
-181.21470642089844
-183.14706420898438
-182.3852996826172
-180.34117126464844
-184.51470947265625
-183.41175842285156
-181.39999389648438
-179.62646484375
-183.08824157714844
-180.5294189453125
-179.88235473632812
-182.74118041992188
-179.83824157714844
-183.55882263183594
-182.1147003173828
-181.18235778808594
-183.31764221191406
-178.80294799804688
-181.10000610351562
-185.17941284179688
-185.72352600097656
-180.25294494628906
-181.51470947265625
-183.74411010742188
-180.2617645263672
-179.81471252441406
-179.31471252441406
-180.7088165283203
-183.0941162109375
-186.92941284179688
-179.66175842285156
-183.72647094726562
-181.2794189453125
-181.52352905273438
-183.0117645263672
-181.37059020996094
-179.0205841064453
-182.68235778808594
-185.92352294921875
-183.3558807373047
-183.33824157714844
-181.5411834716797
-182.80587768554688
-183.50294494628906
-182.3323516845703
-182.25294494628906
-183.27647399902344
-181.98529052734375
-182.6558837890625
-183.5323486328125
-182.90882873535156
-183.67059326171875
-180.20294189453125
-182.6676483154297
-181.42941284179688
-182.4058837890625
-184.08529663085938
-180.08824157714844
-182.02647399902344
-184.00881958007812
-181.01470947265625
-179.6147003173828
-183.77647399902344
-181.35882568359375
-183.25
-179.25
-183.17352294921875
-180.91470336914062
-184.32647705078125
-181.8941192626953
-178.7794189453125
-184.56471252441406
-181.58529663085938
-180.7617645263672
-183.82940673828125
-184.09117126464844
-181.22352600097656
-183.22647094726562
-180.6117706298828
-184.24118041992188
-185.25294494628906
