-123.438232421875
-123.02647399902344
-124.03529357910156
-122.938232421875
-123.12647247314453
-122.73823547363281
-122.8058853149414
-123.17353057861328
-122.87940979003906
-122.88529205322266
-123.54117584228516
-122.73823547363281
-122.35882568359375
-122.80882263183594
-122.89990234375
-123.64705657958984
-122.82058715820312
-123.10588073730469
-122.64705657958984
-123.14411926269531
-122.97940826416016
-123.50164031982422
-123.02059173583984
-122.72940826416016
-122.83235168457031
-123.17058563232422
-123.30882263183594
-123.03823852539062
-122.36176300048828
-122.3176498413086
-123.02941131591797
-122.76470947265625
-123.55294036865234
-123.16764831542969
-123.15882110595703
-123.5941162109375
-123.01470947265625
-123.30545043945312
-123.0058822631836
-123.47611999511719
-123.57058715820312
-123.0941162109375
-123.8441162109375
-123.24117279052734
-124.0558853149414
-122.82646942138672
-123.45587921142578
-123.13746643066406
-123.28579711914062
-123.7603759765625
-123.51470947265625
-123.1941146850586
-123.25
-123.15293884277344
-122.85914611816406
-123.25980377197266
-123.50294494628906
-123.51470947265625
-122.53235626220703
-123.61251068115234
-124.08329772949219
-123.40293884277344
-123.36334991455078
-123.07646942138672
-123.02941131591797
-123.89705657958984
-122.97994232177734
-123.25537109375
-123.03235626220703
-123.97647094726562
-122.77973937988281
-123.4420394897461
-123.0941162109375
-122.63235473632812
-123.55294036865234
-123.3912124633789
-123.08807373046875
-123.5657730102539
-123.92646789550781
-123.12940979003906
-122.88529205322266
-123.25882720947266
-122.63861846923828
-123.46764373779297
-123.12352752685547
-122.55000305175781
-123.11764526367188
-123.59690856933594
-123.45294189453125
-123.93529510498047
-123.05294036865234
-123.48235321044922
-123.45587921142578
-123.0
-123.188232421875
-122.71051788330078
-123.12647247314453
-123.15298461914062
-123.17646789550781
-123.78600311279297
-123.88243103027344
-123.58529663085938
-123.83529663085938
-123.37904357910156
-123.74568176269531
-122.98213958740234
-123.71470642089844
-123.44999694824219
-123.40882110595703
-122.70294189453125
-123.32058715820312
-123.6823501586914
-123.77647399902344
-123.3382339477539
-123.28823852539062
-123.32941436767578
-123.0676498413086
-123.07987213134766
-123.03529357910156
-123.22647094726562
-123.39298248291016
-122.57058715820312
-123.0963363647461
-122.6823501586914
-122.8441162109375
-123.088134765625
-123.20294189453125
-123.09073638916016
-123.42058563232422
-122.77647399902344
-122.8058853149414
-122.938232421875
-122.92672729492188
-123.56470489501953
-123.17058563232422
-123.21688079833984
-123.11176300048828
-123.20439147949219
-123.47876739501953
-122.72940826416016
-123.71470642089844
-123.61470794677734
-122.4117660522461
-123.27941131591797
-123.60882568359375
-122.46176147460938
-124.1558837890625
-123.13235473632812
-122.79117584228516
-123.49117279052734
-123.29069519042969
-124.06470489501953
-122.76470947265625
-123.86176300048828
-123.42058563232422
-122.92353057861328
-123.00294494628906
-123.13529205322266
-123.188232421875
-123.34706115722656
-123.17058563232422
-123.14705657958984
-123.32058715820312
-123.11349487304688
-123.23529052734375
-123.55882263183594
-123.16764831542969
-123.42941284179688
-123.31521606445312
-123.28823852539062
-123.72058868408203
-123.35882568359375
-123.09774780273438
-123.37059020996094
-123.3968505859375
-123.24696350097656
-123.70882415771484
-123.6558837890625
-123.41470336914062
-123.25
-123.07646942138672
-123.45194244384766
-123.3058853149414
-123.64705657958984
-122.98031616210938
-123.39705657958984
-123.78235626220703
-122.97125244140625
-123.42058563232422
-123.64705657958984
-122.8382339477539
-122.91648864746094
-122.98823547363281
-123.67646789550781
-123.19705963134766
-123.60294342041016
-123.4058837890625
-123.23529052734375
-122.85294342041016
-123.22352600097656
-122.67941284179688
-123.37647247314453
-123.39900207519531
-123.47058868408203
-123.34706115722656
-123.22352600097656
-123.62059020996094
-123.03235626220703
-123.63992309570312
-123.36470794677734
-123.89117431640625
-123.4117660522461
-123.20882415771484
-123.87940979003906
-123.38529205322266
-122.65689849853516
-122.95587921142578
-122.99117279052734
-123.41470336914062
-123.44705963134766
-123.04412078857422
-122.87940979003906
-123.25
-123.05882263183594
-123.43193054199219
-123.09117889404297
-123.55882263183594
-123.85588073730469
-123.00294494628906
-123.97352600097656
-122.76176452636719
-123.76176452636719
-122.72058868408203
-123.96470642089844
-124.0941162109375
-123.561767578125
-123.37059020996094
-123.14411926269531
-123.22352600097656
-123.6941146850586
-123.21470642089844
-123.0999984741211
-118.06428527832031
-123.2441177368164
-123.7441177368164
-123.77352905273438
-123.46176147460938
-122.24362182617188
-122.60882568359375
-122.69705963134766
-122.699462890625
-122.82058715820312
-121.59117889404297
-120.94117736816406
-121.11559295654297
-121.62993621826172
-121.1257553100586
-122.91167449951172
-122.77510833740234
-123.4117660522461
-123.41764831542969
-125.47405242919922
-125.7597885131836
-121.31428527832031
-121.28214263916016
-115.73076629638672
-124.93529510498047
-121.31428527832031
-126.17058563232422
-128.09664916992188
-121.0
-129.0735321044922
-126.09285736083984
-130.31764221191406
-132.25294494628906
-134.0735321044922
-133.1058807373047
-135.91322326660156
-136.5500030517578
-137.19705200195312
-136.90882873535156
-138.32940673828125
-140.1352996826172
-140.1352996826172
-140.59706115722656
-142.83824157714844
-142.5823516845703
-139.4404296875
-144.28517150878906
-146.811767578125
-148.43528747558594
-148.2823486328125
-148.02647399902344
-151.061767578125
-151.1352996826172
-152.7294158935547
-153.68235778808594
-156.58126831054688
-156.7617645263672
-159.0662841796875
-159.7877655029297
-162.1382293701172
-162.05294799804688
-164.83970642089844
-153.65383911132812
-155.6923065185547
-155.87088012695312
-162.53846740722656
-159.1758270263672
-155.6433563232422
-174.2294158935547
-174.95895385742188
-174.7178497314453
-174.2142791748047
-180.34117126464844
-175.55357360839844
-181.65293884277344
-182.81471252441406
-182.688232421875
-183.42059326171875
-183.0323486328125
-182.6117706298828
-182.51470947265625
-183.99705505371094
-184.13235473632812
-182.2911834716797
-182.24705505371094
-182.3000030517578
-182.14117431640625
-182.6058807373047
-183.64706420898438
-183.49705505371094
-183.37353515625
-183.06471252441406
-182.83529663085938
-182.8617706298828
-182.6558837890625
-184.53529357910156
-183.12940979003906
-182.9176483154297
-183.35882568359375
-179.08570861816406
-183.81764221191406
-183.96176147460938
-184.0
-185.05882263183594
-186.84117126464844
-185.9499969482422
-187.23529052734375
-186.7058868408203
-187.4882354736328
-187.47352600097656
-187.21470642089844
-188.00294494628906
-188.64999389648438
-190.09706115722656
-191.3882293701172
-192.4264678955078
-191.43235778808594
-192.60882568359375
-191.74705505371094
-192.92352294921875
-192.4176483154297
-193.15882873535156
-192.05882263183594
-193.74411010742188
-193.0500030517578
-193.85000610351562
-193.77647399902344
-193.62940979003906
-195.08529663085938
-195.43528747558594
-195.12646484375
-195.7382354736328
-196.58824157714844
-195.7205810546875
-195.5500030517578
-195.4058837890625
-196.9176483154297
-196.5205841064453
-196.60000610351562
-196.688232421875
-196.4823455810547
-196.46176147460938
-194.2705841064453
-195.42352294921875
-193.30294799804688
-196.11764526367188
-197.02647399902344
-196.6999969482422
-199.24411010742188
-198.96176147460938
-190.05494689941406
-198.27352905273438
-199.16175842285156
-200.50294494628906
-196.41786193847656
-203.68235778808594
-203.4058837890625
-202.66470336914062
-203.6676483154297
-192.6703338623047
-204.51470947265625
-201.811767578125
-201.33824157714844
-199.9705810546875
-198.9176483154297
-196.04705810546875
-194.53823852539062
-195.42941284179688
-193.33824157714844
-190.60293579101562
-189.52352905273438
-188.2941131591797
-186.80587768554688
-187.0441131591797
-186.86764526367188
-186.73529052734375
-186.19705200195312
-188.2823486328125
-187.8852996826172
-188.7382354736328
-188.0411834716797
-188.8647003173828
-189.21176147460938
-189.35000610351562
-189.6058807373047
-187.4058837890625
-187.68528747558594
-189.63235473632812
-189.56764221191406
-191.03823852539062
-190.7382354736328
-190.56764221191406
-190.00294494628906
-189.561767578125
-189.90882873535156
-190.18235778808594
-189.84117126464844
-189.6441192626953
-188.80587768554688
-188.95294189453125
-189.65293884277344
-189.2705841064453
-191.49411010742188
-190.1999969482422
-192.1117706298828
-193.2058868408203
-193.0441131591797
-196.1676483154297
-194.1999969482422
-194.6382293701172
-194.71470642089844
-192.45294189453125
-195.34117126464844
-197.25881958007812
-197.0441131591797
-196.92059326171875
-195.82058715820312
-196.62646484375
-194.47097778320312
-195.40293884277344
-196.4588165283203
-197.50294494628906
-199.10293579101562
-198.8323516845703
-195.05294799804688
-192.4499969482422
-193.57647705078125
-193.24411010742188
-195.12353515625
-198.0176544189453
-198.14706420898438
-202.5735321044922
-200.7705841064453
-194.15293884277344
-193.87059020996094
-195.71176147460938
-196.3441162109375
-198.0176544189453
-196.83529663085938
-197.0941162109375
-188.9794158935547
-187.5176544189453
-186.2294158935547
-181.6764678955078
-183.44412231445312
-184.061767578125
-186.2794189453125
-188.3882293701172
-180.5205841064453
-187.64117431640625
-181.75294494628906
-188.15293884277344
-186.7676544189453
-186.77352905273438
-170.06471252441406
-167.2941131591797
-181.18528747558594
-179.82058715820312
-168.0117645263672
-173.89706420898438
-171.73529052734375
-173.35293579101562
-170.95294189453125
-156.15293884277344
-150.80882263183594
-91.71428680419922
-135.9794158935547
-114.9117660522461
-119.17941284179688
-103.6941146850586
-113.5882339477539
-111.92640686035156
-145.761474609375
-154.30857849121094
-160.6571502685547
-173.5054931640625
-150.58824157714844
-176.5054931640625
-182.58570861816406
-166.05714416503906
-176.78021240234375
-183.55357360839844
-183.47857666015625
-183.73214721679688
-161.52447509765625
-172.5467071533203
-172.29945373535156
-181.5357208251953
-177.53846740722656
-178.35165405273438
-179.42857360839844
-185.38571166992188
-185.7857208251953
-186.6999969482422
-193.1352996826172
-193.39117431640625
-193.94412231445312
-193.9705810546875
-193.99118041992188
-192.89999389648438
-192.2705841064453
-193.20294189453125
-194.8617706298828
-195.438232421875
-196.05882263183594
-196.0735321044922
-196.4058837890625
-197.7041015625
-197.72238159179688
-198.85293579101562
-198.91470336914062
-200.2294158935547
-201.46176147460938
-200.8647003173828
-201.04705810546875
-202.43235778808594
-203.81764221191406
-203.49411010742188
-203.5
-204.1676483154297
-202.19412231445312
-200.7382354736328
-199.62646484375
-184.3296661376953
-195.94412231445312
-194.69705200195312
-191.5
-190.80294799804688
-189.42059326171875
-187.72352600097656
-187.4676513671875
-187.68528747558594
-186.69705200195312
-186.18235778808594
-186.55882263183594
-186.50588989257812
-186.00294494628906
-185.4794158935547
-185.59706115722656
-185.2323455810547
-185.18235778808594
-186.47352600097656
-185.77352905273438
-186.67352294921875
-187.14999389648438
-185.59117126464844
-184.57647705078125
-184.42941284179688
-182.96470642089844
-182.49705505371094
-183.21176147460938
-181.1117706298828
-180.811767578125
-180.94117736816406
-179.78529357910156
-179.37646484375
-179.4264678955078
-179.6441192626953
-179.5441131591797
-179.58529663085938
-180.60882568359375
-179.46470642089844
-179.9558868408203
-178.87646484375
-177.00588989257812
-178.62646484375
-178.0441131591797
-178.2617645263672
-178.41470336914062
-178.561767578125
-179.27647399902344
-179.01470947265625
-179.49705505371094
-179.64706420898438
-180.47647094726562
-178.5205841064453
-173.27142333984375
-179.2176513671875
-178.82058715820312
-178.69412231445312
-178.561767578125
-176.75
-175.4823455810547
-173.7176513671875
-173.2617645263672
-172.02352905273438
-171.34117126464844
-170.96470642089844
-170.99118041992188
-170.48529052734375
-171.5500030517578
-168.24118041992188
-168.05587768554688
-167.65293884277344
-167.25588989257812
-166.25588989257812
-162.19285583496094
-167.85000610351562
-167.7058868408203
-165.4794158935547
-167.1058807373047
-159.62857055664062
-165.1358184814453
-164.86082458496094
-163.5417938232422
-150.46153259277344
-149.38461303710938
-138.97901916503906
-161.37059020996094
-154.61785888671875
-154.25714111328125
-149.1648406982422
-161.39706420898438
-155.85714721679688
-162.74705505371094
-162.92352294921875
-157.08570861816406
-162.3941192626953
-144.61538696289062
-165.24705505371094
-166.56764221191406
-163.31764221191406
-168.7222442626953
-133.45603942871094
-165.27647399902344
-148.99725341796875
-156.28846740722656
-165.74925231933594
-122.87911987304688
-132.6593475341797
-147.24176025390625
-158.489013671875
-164.86813354492188
-163.09890747070312
-169.35714721679688
-171.24642944335938
-165.08790588378906
-170.24285888671875
-173.3607177734375
-171.153564453125
-174.08570861816406
-180.16175842285156
-181.0205841064453
-166.87646484375
-164.02647399902344
-176.55882263183594
-182.00588989257812
-182.2205810546875
-182.40882873535156
-178.62857055664062
-167.4642791748047
-184.42941284179688
-183.74705505371094
-184.438232421875
-185.7176513671875
-187.09117126464844
-188.3441162109375
-181.02142333984375
-174.58241271972656
-169.86538696289062
-186.0323486328125
-182.12142944335938
-182.10000610351562
-187.6352996826172
-187.0500030517578
-187.2794189453125
-187.1999969482422
-188.00881958007812
-186.68528747558594
-187.0411834716797
-188.32940673828125
-186.85293579101562
-186.8882293701172
-186.62059020996094
-186.75
-186.99118041992188
-186.83529663085938
-186.688232421875
-186.12646484375
-185.5500030517578
-185.5
-184.6147003173828
-183.1558837890625
-184.00294494628906
-186.22352600097656
-184.82647705078125
-185.37940979003906
-184.18235778808594
-185.0441131591797
-185.18235778808594
-185.21470642089844
-183.2617645263672
-182.5205841064453
-181.94117736816406
-182.70294189453125
-182.2705841064453
-182.06471252441406
-181.7382354736328
-182.48529052734375
-182.05882263183594
-180.12353515625
-181.10293579101562
-180.7323455810547
-180.18235778808594
-180.06764221191406
-181.59706115722656
-181.2823486328125
-182.061767578125
-181.4823455810547
-181.68235778808594
-181.811767578125
-182.49411010742188
-182.93235778808594
-182.8235321044922
-183.0205841064453
-184.05294799804688
-184.87940979003906
-186.54705810546875
-185.87059020996094
-186.14999389648438
-186.8882293701172
-187.91470336914062
-188.80587768554688
-188.56471252441406
-189.8617706298828
-189.1117706298828
-189.6764678955078
-190.37646484375
-191.85000610351562
-190.89117431640625
-193.0823516845703
-194.1117706298828
-194.9264678955078
-194.18528747558594
-194.2823486328125
-195.3647003173828
-195.5941162109375
-194.7205810546875
-195.33824157714844
-195.32647705078125
-196.12353515625
-195.54705810546875
-195.77647399902344
-196.14706420898438
-197.82058715820312
-196.66470336914062
-197.5117645263672
-196.98529052734375
-196.87353515625
-198.43528747558594
-198.13235473632812
-198.39117431640625
-198.31764221191406
-199.53529357910156
-199.14706420898438
-199.92941284179688
-201.70294189453125
-200.09117126464844
-200.2676544189453
-201.2176513671875
-201.25
-202.55587768554688
-202.5823516845703
-203.3882293701172
-203.0117645263672
-203.14706420898438
-202.17059326171875
-202.51470947265625
-202.14999389648438
-198.2176513671875
-189.13571166992188
-194.311767578125
-193.60000610351562
-190.75588989257812
-188.69117736816406
-184.62353515625
-184.6558837890625
-180.67352294921875
-180.49118041992188
-178.94705200195312
-177.09117126464844
-177.7617645263672
-176.52647399902344
-175.3235321044922
-175.23529052734375
-174.22352600097656
-174.58824157714844
-174.14117431640625
-174.19705200195312
-173.28823852539062
-173.17941284179688
-172.17352294921875
-171.5823516845703
-173.5117645263672
-175.04705810546875
-177.39117431640625
-175.9823455810547
-175.67941284179688
-175.0323486328125
-178.44117736816406
-178.68528747558594
-177.2382354736328
-176.72647094726562
-178.7794189453125
-177.3235321044922
-180.4705810546875
-177.4588165283203
-176.6676483154297
-175.44412231445312
-175.08824157714844
-175.5735321044922
-174.60000610351562
-174.19412231445312
-173.42059326171875
-173.35000610351562
-173.11764526367188
-172.1764678955078
-172.96470642089844
-173.85882568359375
-173.03529357910156
-171.99411010742188
-171.2705841064453
-170.5176544189453
-170.25588989257812
-170.75
-169.55882263183594
-170.3441162109375
-170.84706115722656
-169.71176147460938
-166.75294494628906
-168.6999969482422
-169.0735321044922
-168.30882263183594
-167.95294189453125
-166.15882873535156
-167.02647399902344
-164.8323516845703
-163.1558837890625
-163.60882568359375
-164.00588989257812
-161.40293884277344
-159.58529663085938
-159.7058868408203
-158.09117126464844
-158.60882568359375
-157.78823852539062
-159.42059326171875
-157.30294799804688
-158.44705200195312
-160.07058715820312
-162.62353515625
-163.188232421875
-164.67059326171875
-164.62353515625
-166.12940979003906
-165.8941192626953
-166.2617645263672
-166.4676513671875
-169.24705505371094
-167.6764678955078
-167.82058715820312
-166.7176513671875
-167.57940673828125
-167.9558868408203
-167.21470642089844
-167.3882293701172
-166.7823486328125
-167.15882873535156
-165.87059020996094
-167.46176147460938
-166.9676513671875
-165.5441131591797
-165.79705810546875
-165.3235321044922
-166.2676544189453
-168.12353515625
-167.8235321044922
-169.0500030517578
-169.90293884277344
-169.87940979003906
-169.19412231445312
-168.4558868408203
-170.37646484375
-168.5323486328125
-167.8882293701172
-168.4705810546875
-168.8235321044922
-169.69412231445312
-170.97647094726562
-170.4499969482422
-169.32940673828125
-169.32940673828125
-169.21470642089844
-168.74705505371094
-169.1352996826172
-169.0117645263672
-168.89706420898438
-168.95294189453125
-168.9264678955078
-169.07647705078125
-169.17941284179688
-169.67059326171875
-170.1058807373047
-169.2058868408203
-169.94705200195312
-168.811767578125
-170.09117126464844
-168.14999389648438
-169.4823455810547
-169.8000030517578
-171.8941192626953
-169.5411834716797
-170.65293884277344
-170.94705200195312
-171.0500030517578
-171.0823516845703
-171.99118041992188
-172.85000610351562
-173.2323455810547
-172.9058837890625
-173.79705810546875
-172.57647705078125
-174.44412231445312
-174.43528747558594
-174.10000610351562
-173.92941284179688
-174.39706420898438
-174.67941284179688
-174.40293884277344
-173.83824157714844
-174.18235778808594
-173.6558837890625
-172.92941284179688
-170.57940673828125
-171.25588989257812
-170.62940979003906
-170.8852996826172
-171.65882873535156
-171.3441162109375
-170.29705810546875
-169.7705841064453
-171.6676483154297
-172.2617645263672
-172.78823852539062
-173.3852996826172
-173.67059326171875
-173.938232421875
-175.4676513671875
-174.71470642089844
-174.5294189453125
-176.1676483154297
-176.08529663085938
-176.6117706298828
-175.2323455810547
-174.2294158935547
-173.87940979003906
-173.39117431640625
-174.74118041992188
-173.77352905273438
-175.1058807373047
-174.54705810546875
-174.62940979003906
-174.6558837890625
-175.46470642089844
-175.19412231445312
-175.07647705078125
-174.34706115722656
-175.32940673828125
-174.72647094726562
-174.6352996826172
-175.05587768554688
-175.02647399902344
-176.60882568359375
-176.37940979003906
-176.84117126464844
-177.94117736816406
-178.45294189453125
-178.47647094726562
-179.12353515625
-179.30882263183594
-180.36764526367188
-180.28823852539062
-181.32940673828125
-180.688232421875
-181.8617706298828
-181.97352600097656
-182.6117706298828
-183.21176147460938
-184.688232421875
-184.3000030517578
-185.2823486328125
-185.5323486328125
-185.0176544189453
-185.45294189453125
-185.33824157714844
-185.56471252441406
-186.3323516845703
-185.7617645263672
-186.42941284179688
-186.20294189453125
-185.7617645263672
-185.85293579101562
-185.62646484375
-185.811767578125
-186.47647094726562
-185.97352600097656
-187.17352294921875
-187.50881958007812
-187.7294158935547
-187.75588989257812
-187.80882263183594
-188.06764221191406
-188.42941284179688
-188.24118041992188
-188.01470947265625
-187.8647003173828
-188.39117431640625
-187.47647094726562
-188.21470642089844
-187.06471252441406
-187.0411834716797
-186.32940673828125
-186.89117431640625
-187.8235321044922
-187.72352600097656
-186.87940979003906
-188.71470642089844
-188.94117736816406
-189.04705810546875
-188.96176147460938
-188.97352600097656
-189.7294158935547
-189.2382354736328
-189.24705505371094
-189.65882873535156
-190.51470947265625
-189.35293579101562
-190.97352600097656
-190.438232421875
-191.24411010742188
-190.84117126464844
-191.44705200195312
-191.77352905273438
-191.60882568359375
-192.32058715820312
-193.47647094726562
-192.561767578125
-193.5117645263672
-193.20294189453125
-194.00294494628906
-193.2911834716797
-194.30882263183594
-194.37940979003906
-194.61764526367188
-194.7941131591797
-195.4676513671875
-196.04705810546875
-195.15882873535156
-195.16175842285156
-197.33529663085938
-197.3558807373047
-197.68528747558594
-199.52647399902344
-198.9823455810547
-200.10882568359375
-200.00294494628906
-199.92941284179688
-201.07647705078125
-200.58824157714844
-203.60882568359375
-203.20294189453125
-203.75294494628906
-203.43528747558594
-203.0823516845703
-201.74705505371094
-200.14706420898438
-198.63235473632812
-198.67352294921875
-196.75881958007812
-195.2088165283203
-193.42352294921875
-192.55882263183594
-192.2617645263672
-189.41175842285156
-188.62353515625
-188.2705841064453
-187.08529663085938
-187.24705505371094
-187.1117706298828
-186.1352996826172
-185.2058868408203
-185.7676544189453
-184.97352600097656
-182.7676544189453
-183.89999389648438
-183.8941192626953
-183.34706115722656
-181.24705505371094
-181.2088165283203
-180.1382293701172
-179.4705810546875
-180.8941192626953
-180.62353515625
-180.1764678955078
-179.8441162109375
-177.86764526367188
-177.9823455810547
-178.1147003173828
-178.32058715820312
-177.74411010742188
-176.81764221191406
-177.48529052734375
-177.8235321044922
-176.88235473632812
-176.9058837890625
-176.9882354736328
-176.5
-176.94117736816406
-177.38235473632812
-176.42059326171875
-175.4264678955078
-175.2617645263672
-173.92352294921875
-174.9705810546875
-175.75881958007812
-174.81471252441406
-174.31764221191406
-173.71470642089844
-173.57647705078125
-172.5117645263672
-172.68528747558594
-172.4499969482422
-172.64999389648438
-172.51470947265625
-172.01470947265625
-172.50881958007812
-172.0
-173.09706115722656
-171.87940979003906
-171.54705810546875
-170.71176147460938
-171.7176513671875
-170.811767578125
-170.65882873535156
-170.8647003173828
-170.9705810546875
-172.1441192626953
-172.1441192626953
-170.30587768554688
-169.811767578125
-170.2176513671875
-170.01470947265625
-169.31471252441406
-169.96470642089844
-168.3235321044922
-169.21176147460938
-168.76470947265625
-168.40882873535156
-168.0117645263672
-168.24705505371094
-167.30587768554688
-166.9588165283203
-165.72647094726562
-165.3000030517578
-164.9823455810547
-165.56471252441406
-165.58529663085938
-165.69117736816406
-164.2941131591797
-163.87940979003906
-164.3323516845703
-162.74705505371094
-161.70294189453125
-161.59706115722656
-161.2941131591797
-159.85000610351562
-159.80882263183594
-159.15882873535156
-158.188232421875
-158.6117706298828
-159.62940979003906
-158.6558837890625
-157.40882873535156
-160.15882873535156
-158.561767578125
-160.05882263183594
-163.44412231445312
-162.59706115722656
-163.37353515625
-163.99411010742188
-165.69412231445312
-165.86764526367188
-166.8235321044922
-166.55882263183594
-166.2088165283203
-167.0500030517578
-166.93528747558594
-166.57647705078125
-166.96470642089844
-166.87059020996094
-166.02352905273438
-166.8558807373047
-166.2823486328125
-166.99705505371094
-166.11764526367188
-167.22352600097656
-166.9558868408203
-166.3441162109375
-166.89706420898438
-166.2205810546875
-164.84117126464844
-166.36764526367188
-166.24411010742188
-165.27647399902344
-166.0323486328125
-165.37059020996094
-165.46176147460938
-165.96176147460938
-166.4176483154297
-166.39999389648438
-167.08824157714844
-166.46470642089844
-167.39117431640625
-168.84706115722656
-169.85293579101562
-169.188232421875
-169.8323516845703
-168.81471252441406
-168.50588989257812
-169.28823852539062
-169.3235321044922
-169.24118041992188
-169.66470336914062
-170.6382293701172
-170.4499969482422
-170.38235473632812
-170.311767578125
-170.55882263183594
-170.92059326171875
-171.72647094726562
-172.10882568359375
-171.65293884277344
-171.8647003173828
-173.30587768554688
-174.38235473632812
-174.2176513671875
-174.60882568359375
-174.87646484375
-175.0294189453125
-174.69705200195312
-174.7794189453125
-174.08824157714844
-174.35000610351562
-173.688232421875
-175.00881958007812
-175.2205810546875
-176.07647705078125
-175.9058837890625
-175.61764526367188
-176.53823852539062
-176.25
-176.69412231445312
-178.07940673828125
-177.9176483154297
-177.811767578125
-177.7617645263672
-178.8941192626953
-178.25
-179.32058715820312
-179.17059326171875
-179.8000030517578
-178.9882354736328
-179.55882263183594
-178.93528747558594
-178.57058715820312
-178.94412231445312
-179.28823852539062
-178.96176147460938
-178.59706115722656
-178.34706115722656
-178.69705200195312
-178.9176483154297
-178.16175842285156
-178.58529663085938
-177.33529663085938
-178.311767578125
-178.28823852539062
-178.3441162109375
-177.82647705078125
-179.07647705078125
-178.92941284179688
-179.12059020996094
-178.13235473632812
-178.3441162109375
-177.77647399902344
-178.85882568359375
-179.1058807373047
-179.08529663085938
-178.58529663085938
-178.87353515625
-179.5323486328125
-180.1676483154297
-178.938232421875
-179.99705505371094
-181.00588989257812
-181.84117126464844
-182.07940673828125
-178.8249969482422
-182.4676513671875
-183.55294799804688
-185.22647094726562
-184.4058837890625
-185.9588165283203
-185.37353515625
-185.07647705078125
-185.6382293701172
-185.84117126464844
-185.05294799804688
-185.6382293701172
-185.12940979003906
-185.19117736816406
-185.0735321044922
-184.61764526367188
-185.05882263183594
-185.6558837890625
-184.99118041992188
-184.9558868408203
-184.66470336914062
-184.87059020996094
-184.75588989257812
-185.0117645263672
-185.20294189453125
-185.19412231445312
-185.20294189453125
-185.30882263183594
-185.46470642089844
-185.23529052734375
-184.4882354736328
-185.22647094726562
-185.2705841064453
-185.72352600097656
-185.69412231445312
-185.31471252441406
-184.9176483154297
-184.87353515625
-184.57058715820312
-184.91175842285156
-186.05882263183594
-185.62940979003906
-186.1147003173828
-186.6352996826172
-186.91175842285156
-187.6147003173828
-188.5411834716797
-189.188232421875
-189.7617645263672
-190.2294158935547
-192.27352905273438
-191.5
-192.0823516845703
-191.3941192626953
-192.62646484375
-193.00588989257812
-193.39706420898438
-193.80587768554688
-194.58824157714844
-194.5205841064453
-194.4176483154297
-195.4058837890625
-197.0
-196.08824157714844
-196.84706115722656
-196.56764221191406
-197.87353515625
-198.1441192626953
-201.15293884277344
-200.05587768554688
-200.56471252441406
-200.85293579101562
-201.6441192626953
-202.16470336914062
-201.4705810546875
-200.6764678955078
-200.7088165283203
-198.49411010742188
-195.82940673828125
-195.16175842285156
-193.43528747558594
-193.32940673828125
-191.07647705078125
-190.71470642089844
-190.188232421875
-190.37940979003906
-190.2294158935547
-189.5823516845703
-188.87059020996094
-189.5205841064453
-189.08529663085938
-188.27647399902344
-188.688232421875
-188.68235778808594
-187.6999969482422
-187.99118041992188
-189.35293579101562
-188.40882873535156
-187.7205810546875
-189.69412231445312
-188.4705810546875
-187.62940979003906
-188.15882873535156
-187.33824157714844
-185.99118041992188
-185.43235778808594
-184.68235778808594
-184.9588165283203
-184.72352600097656
-184.4794158935547
-184.67352294921875
-183.75881958007812
-183.82940673828125
-182.7823486328125
-184.6382293701172
-184.6382293701172
-183.37646484375
-182.46176147460938
-182.85882568359375
-181.64999389648438
-181.87059020996094
-181.19705200195312
-180.9882354736328
-179.49411010742188
-179.34117126464844
-178.96470642089844
-178.41470336914062
-178.5117645263672
-177.8941192626953
-178.188232421875
-177.53823852539062
-177.12059020996094
-177.07058715820312
-175.10000610351562
-175.0
-174.80587768554688
-175.42352294921875
-174.46470642089844
-174.10293579101562
-173.1558837890625
-173.5323486328125
-173.0323486328125
-172.52647399902344
-171.50588989257812
-171.73529052734375
-172.24118041992188
-171.9558868408203
-171.5117645263672
-171.2058868408203
-169.62646484375
-169.56471252441406
-169.438232421875
-169.44412231445312
-168.95294189453125
-169.4176483154297
-168.66175842285156
-168.60882568359375
-167.78529357910156
-167.69705200195312
-167.34706115722656
-167.82940673828125
-166.9058837890625
-168.17059326171875
-167.0205841064453
-167.99705505371094
-166.80587768554688
-167.49411010742188
-167.4058837890625
-168.12646484375
-167.24118041992188
-166.811767578125
-164.66470336914062
-164.9176483154297
-165.8941192626953
-164.8000030517578
-163.75588989257812
-164.0205841064453
-163.12940979003906
-163.63235473632812
-164.43528747558594
-164.28823852539062
-163.8647003173828
-163.5205841064453
-163.0323486328125
-161.92059326171875
-162.49411010742188
-161.85000610351562
-161.8235321044922
-160.92941284179688
-159.69117736816406
-159.41175842285156
-158.91175842285156
-157.7088165283203
-156.6999969482422
-157.66470336914062
-157.3441162109375
-157.9558868408203
-157.68235778808594
-158.188232421875
-158.6676483154297
-159.41470336914062
-160.2676544189453
-161.2088165283203
-161.85882568359375
-162.42059326171875
-162.81471252441406
-163.4499969482422
-163.61764526367188
-164.55587768554688
-164.75
-164.81471252441406
-165.89117431640625
-165.93235778808594
-165.92352294921875
-166.6117706298828
-167.0411834716797
-166.62059020996094
-167.31471252441406
-167.6999969482422
-168.84117126464844
-169.41175842285156
-169.42352294921875
-169.5823516845703
-169.1441192626953
-170.59117126464844
-170.57940673828125
-170.63235473632812
-171.12940979003906
-171.2382354736328
-170.8941192626953
-171.2823486328125
-171.38235473632812
-171.4176483154297
-171.40882873535156
-171.3235321044922
-171.2205810546875
-171.0411834716797
-170.44412231445312
-170.90293884277344
-171.62646484375
-170.87059020996094
-170.85000610351562
-171.00588989257812
-172.3323516845703
-172.28823852539062
-172.4588165283203
-172.74411010742188
-173.60293579101562
-172.40882873535156
-172.64706420898438
-173.60882568359375
-173.59706115722656
-174.7382354736328
-174.28823852539062
-174.76470947265625
-175.20294189453125
-174.15882873535156
-174.9676513671875
-174.02647399902344
-175.85293579101562
-175.9058837890625
-175.78823852539062
-175.49705505371094
-174.58529663085938
-176.00294494628906
-175.89117431640625
-174.9558868408203
-173.97647094726562
-175.30882263183594
-174.7823486328125
-174.94705200195312
-174.62059020996094
-175.43235778808594
-175.7294158935547
-175.41470336914062
-175.75881958007812
-176.0500030517578
-176.27352905273438
-177.27352905273438
-177.16175842285156
-177.188232421875
-177.12353515625
-177.96176147460938
-178.66470336914062
-178.72352600097656
-178.7794189453125
-179.3647003173828
-179.5500030517578
-179.8941192626953
-179.3852996826172
-179.70294189453125
-179.53823852539062
-179.0823516845703
-179.19117736816406
-179.67941284179688
-179.2205810546875
-178.6352996826172
-178.2823486328125
-177.21470642089844
-177.7823486328125
-176.64706420898438
-175.75294494628906
-176.17941284179688
-176.52647399902344
-175.84117126464844
-177.17059326171875
-176.51470947265625
-177.2705841064453
-177.72647094726562
-177.5323486328125
-178.05294799804688
-178.0941162109375
-179.12940979003906
-178.78529357910156
-178.00881958007812
-178.2088165283203
-177.5117645263672
-178.3000030517578
-178.35000610351562
-177.60293579101562
-177.97352600097656
-177.48529052734375
-178.0411834716797
-178.3647003173828
-179.17059326171875
-179.5441131591797
-180.4264678955078
-181.26470947265625
-181.1058807373047
-181.06764221191406
-180.83824157714844
-181.5323486328125
-181.6558837890625
-182.33824157714844
-183.67941284179688
-183.97647094726562
-184.30882263183594
-184.7911834716797
-184.84706115722656
-185.96470642089844
-185.8941192626953
-186.63235473632812
-185.57940673828125
-186.30294799804688
-186.42352294921875
-187.91175842285156
-188.7911834716797
-188.4499969482422
-190.71176147460938
-191.0941162109375
-190.21176147460938
-191.5294189453125
-192.94412231445312
-192.25294494628906
-192.37940979003906
-193.44117736816406
-194.2294158935547
-194.05587768554688
-195.16175842285156
-195.54705810546875
-194.95294189453125
-195.30294799804688
-194.4558868408203
-195.74118041992188
-196.49705505371094
-196.0735321044922
-195.77352905273438
-196.09706115722656
-197.43528747558594
-197.6558837890625
-195.52647399902344
-195.4823455810547
-196.7676544189453
-197.65293884277344
-198.05882263183594
-198.58529663085938
-198.30882263183594
-189.62940979003906
-196.25588989257812
-196.37059020996094
-196.1058807373047
-194.2617645263672
-193.80882263183594
-193.6058807373047
-193.43235778808594
-193.15293884277344
-193.42059326171875
-193.18528747558594
-192.21470642089844
-192.8235321044922
-193.2823486328125
-192.7676544189453
-193.42941284179688
-194.41470336914062
-194.8235321044922
-194.19412231445312
-194.37353515625
-194.75
-194.1676483154297
-194.42941284179688
-194.83529663085938
-194.4588165283203
-195.2911834716797
-194.66470336914062
-196.18235778808594
-196.39706420898438
-196.75
-197.17352294921875
-198.938232421875
-198.96176147460938
-199.75
-200.18235778808594
-201.55587768554688
-202.30587768554688
-201.7705841064453
-203.6147003173828
-202.99411010742188
-203.6352996826172
-203.1117706298828
-203.05294799804688
-202.15293884277344
-199.6441192626953
-198.9705810546875
-197.7176513671875
-196.64117431640625
-194.6999969482422
-193.5735321044922
-192.0500030517578
-192.3235321044922
-191.59706115722656
-192.31764221191406
-192.68528747558594
-192.3882293701172
-191.06471252441406
-190.9588165283203
-191.3852996826172
-191.34117126464844
-191.36764526367188
-191.1676483154297
-191.35293579101562
-191.69412231445312
-191.93528747558594
-192.7705841064453
-193.45294189453125
-193.44117736816406
-193.4176483154297
-193.1676483154297
-192.92059326171875
-193.05882263183594
-192.89999389648438
-192.4794158935547
-192.1558837890625
-192.1117706298828
-191.25881958007812
-190.811767578125
-190.0176544189453
-189.82058715820312
-189.9705810546875
-189.9882354736328
-191.15293884277344
-190.87059020996094
-191.27352905273438
-190.9882354736328
-190.93528747558594
-191.72647094726562
-190.688232421875
-190.5
-190.8852996826172
-190.49705505371094
-190.2823486328125
-190.30587768554688
-189.50588989257812
-188.53823852539062
-187.8852996826172
-187.21176147460938
-186.61764526367188
-186.6441192626953
-186.56471252441406
-186.93528747558594
-185.87353515625
-183.92352294921875
-182.7205810546875
-181.5176544189453
-181.02647399902344
-180.41175842285156
-179.77647399902344
-178.92941284179688
-177.80587768554688
-177.12059020996094
-176.78529357910156
-176.11764526367188
-175.07058715820312
-174.2323455810547
-174.12940979003906
-174.1382293701172
-173.60882568359375
-172.91175842285156
-172.20294189453125
-171.84706115722656
-171.7823486328125
-172.1764678955078
-171.3882293701172
-171.17352294921875
-170.8441162109375
-171.99642944335938
-173.12353515625
-171.9823455810547
-171.72500610351562
-171.21470642089844
-170.80882263183594
-171.2294158935547
-170.9499969482422
-171.1382293701172
-170.71470642089844
-170.2205810546875
-170.7676544189453
-169.78529357910156
-169.77352905273438
-170.16175842285156
-170.5500030517578
-169.9499969482422
-169.5117645263672
-169.18235778808594
-169.49411010742188
-169.82058715820312
-169.3647003173828
-168.82647705078125
-168.37059020996094
-168.35293579101562
-167.9705810546875
-166.28823852539062
-166.16470336914062
-164.86764526367188
-163.78529357910156
-163.42352294921875
-163.60000610351562
-163.09117126464844
-162.5205841064453
-162.0323486328125
-162.16175842285156
-161.35882568359375
-163.7528533935547
-146.54945373535156
-159.00881958007812
-159.12353515625
-157.1011199951172
-156.6764678955078
-157.80294799804688
-153.4499969482422
-160.31764221191406
-159.73529052734375
-163.061767578125
-161.24705505371094
-162.60000610351562
-164.561767578125
-164.438232421875
-166.07647705078125
-165.02142333984375
-168.19117736816406
-168.93528747558594
-168.67352294921875
-170.29705810546875
-169.8323516845703
-171.41470336914062
-172.08824157714844
-173.92352294921875
-169.42059326171875
-165.87857055664062
-171.56471252441406
-172.01470947265625
-169.7794189453125
-171.5323486328125
-170.41175842285156
-171.06471252441406
-169.54705810546875
-170.57940673828125
-171.64999389648438
-170.5323486328125
-170.39999389648438
-169.66175842285156
-169.82647705078125
-168.40293884277344
-168.0117645263672
-167.64706420898438
-168.4588165283203
-167.56764221191406
-167.8647003173828
-167.18528747558594
-167.09706115722656
-166.86764526367188
-167.24118041992188
-168.7205810546875
-169.65882873535156
-169.0441131591797
-169.81471252441406
-169.8000030517578
-170.11764526367188
-170.30587768554688
-169.4882354736328
-173.00881958007812
-172.87353515625
-169.91470336914062
-171.2176513671875
-171.35882568359375
-171.8558807373047
-171.7205810546875
-171.43235778808594
-171.7794189453125
-173.9794158935547
-174.60000610351562
-173.7382354736328
-176.37353515625
-172.28529357910156
-171.14706420898438
-171.1764678955078
-171.0411834716797
-170.7205810546875
-170.12940979003906
-166.9794158935547
-166.89706420898438
-167.4705810546875
-168.29705810546875
-168.75294494628906
-168.25588989257812
-165.35714721679688
-171.95294189453125
-171.7382354736328
-168.56471252441406
-169.79705810546875
-170.81471252441406
-170.24118041992188
-169.49705505371094
-166.811767578125
-167.69117736816406
-167.66470336914062
-167.75
-165.42941284179688
-168.9705810546875
-159.15293884277344
-169.33824157714844
-168.79705810546875
-170.05882263183594
-167.49705505371094
-175.52647399902344
-163.188232421875
-174.14117431640625
-173.3941192626953
-153.06764221191406
-176.0500030517578
-160.38235473632812
-150.92941284179688
-169.86764526367188
-175.99411010742188
-175.14117431640625
-179.22647094726562
-182.2276153564453
-180.85000610351562
-173.27471923828125
-180.28929138183594
-180.58570861816406
-182.5607147216797
-182.48928833007812
-188.42941284179688
-188.2705841064453
-191.0
-190.45294189453125
-188.3558807373047
-189.66175842285156
-193.3882293701172
-195.2058868408203
-194.0823516845703
-195.95294189453125
-188.0823516845703
-192.25294494628906
-188.82940673828125
-185.7823486328125
-188.77352905273438
-190.80294799804688
-193.4176483154297
-192.17059326171875
-191.12940979003906
-191.15882873535156
-192.4264678955078
-192.21176147460938
-190.68528747558594
-194.30587768554688
-192.41175842285156
-190.7617645263672
-186.82647705078125
-186.0205841064453
-191.85882568359375
-188.84706115722656
-188.83529663085938
-190.04705810546875
-188.25
-188.00588989257812
-188.4357147216797
-187.2088165283203
-180.62353515625
-179.0
-176.03823852539062
-182.49705505371094
-179.2058868408203
-163.9882354736328
-172.6352996826172
-175.0294189453125
-171.1352996826172
-153.5176544189453
-168.46176147460938
-152.9882354736328
-143.14999389648438
-158.99118041992188
-162.93528747558594
-172.0323486328125
-170.2205810546875
-176.596435546875
-173.8428497314453
-180.56785583496094
-171.3892822265625
-171.2035675048828
-168.72500610351562
-170.36785888671875
-163.43214416503906
-157.16429138183594
-152.17857360839844
-150.01785278320312
-173.74725341796875
-178.36785888671875
-180.4535675048828
-177.60357666015625
-180.05714416503906
-186.41758728027344
-179.4857177734375
-186.7912139892578
-185.96702575683594
-186.8351593017578
-186.73626708984375
-186.2087860107422
-186.2967071533203
-186.41758728027344
-185.61538696289062
-178.3000030517578
-185.60440063476562
-185.23077392578125
-178.221435546875
-185.42857360839844
-186.40660095214844
-184.23077392578125
-185.23077392578125
-185.42857360839844
-186.58241271972656
-179.6857147216797
-186.25274658203125
-186.06593322753906
-186.05494689941406
-186.3406524658203
-186.14285278320312
-178.4071502685547
-185.74725341796875
-185.7032928466797
-178.9392852783203
-185.73626708984375
-185.54945373535156
-185.8351593017578
-185.4725341796875
-186.46153259277344
-186.2857208251953
-186.1868133544922
-184.72528076171875
-185.57142639160156
-185.4945068359375
-185.38461303710938
-186.46153259277344
-186.42857360839844
-185.86813354492188
-186.38461303710938
-185.45054626464844
-186.24176025390625
-185.6703338623047
-178.9642791748047
-185.989013671875
-178.2357177734375
-186.60440063476562
-178.16429138183594
-186.41758728027344
-186.35165405273438
-179.24642944335938
-184.989013671875
-186.58241271972656
-185.56044006347656
-178.80714416503906
-187.1758270263672
-178.79286193847656
-185.78021240234375
-184.989013671875
-178.89642333984375
-186.8131866455078
-185.45054626464844
